  Ple                   3488.   0.71   0.22   0.09
    50   0.0   0.0    1.0000  0.0001
  46
      4861.342      4861.352      4861.362      4861.372      4861.382
      4861.392      4861.402      4861.422      4861.442      4861.467
      4861.492      4861.517      4861.542      4861.592      4861.642
      4861.692      4861.742      4861.842      4861.942      4862.042
      4862.142      4862.242      4862.342      4862.442      4862.542
      4862.642      4862.742      4862.842      4862.942      4863.142
      4863.342      4863.842      4864.342      4864.842      4865.342
      4865.842      4866.342      4868.842      4871.342      4873.842
      4876.342      4878.842      4881.342      4886.342      4891.342
      4896.342
  0.1414E-09  0.1400E-09  0.1358E-09  0.1291E-09  0.1204E-09
  0.1099E-09  0.9852E-10  0.7424E-10  0.5141E-10  0.2864E-10
  0.1371E-10  0.5495E-11  0.1731E-11 -0.2707E-13 -0.3991E-13
 -0.5817E-14 -0.5408E-15 -0.8120E-16 -0.5490E-16 -0.4074E-16
 -0.3011E-16 -0.2391E-16 -0.1904E-16 -0.1579E-16 -0.1314E-16
 -0.1122E-16 -0.9619E-17 -0.8392E-17 -0.7347E-17 -0.5796E-17
 -0.4689E-17 -0.2998E-17 -0.2079E-17 -0.1527E-17 -0.1168E-17
 -0.9228E-18 -0.7473E-18 -0.3320E-18 -0.1868E-18 -0.1195E-18
 -0.8302E-19 -0.6096E-19 -0.4667E-19 -0.2984E-19 -0.2076E-19
 -0.1518E-19  0.4231E-09  0.4194E-09  0.4082E-09  0.3902E-09
  0.3669E-09  0.3385E-09  0.3073E-09  0.2397E-09  0.1742E-09
  0.1057E-09  0.5727E-10  0.2771E-10  0.1194E-10  0.1556E-11
  0.1226E-12  0.5243E-14  0.1400E-16 -0.4484E-16 -0.3028E-16
 -0.2246E-16 -0.1659E-16 -0.1317E-16 -0.1049E-16 -0.8694E-17
 -0.7236E-17 -0.6178E-17 -0.5296E-17 -0.4620E-17 -0.4045E-17
 -0.3190E-17 -0.2581E-17 -0.1650E-17 -0.1144E-17 -0.8402E-18
 -0.6428E-18 -0.5079E-18 -0.4113E-18 -0.1828E-18 -0.1028E-18
 -0.6575E-19 -0.4571E-19 -0.3355E-19 -0.2568E-19 -0.1641E-19
 -0.1143E-19 -0.8328E-20  0.9112E-09  0.9035E-09  0.8803E-09
  0.8429E-09  0.7944E-09  0.7351E-09  0.6698E-09  0.5276E-09
  0.3882E-09  0.2403E-09  0.1337E-09  0.6689E-10  0.3005E-10
  0.4399E-11  0.4192E-12  0.2582E-13  0.1080E-14  0.3140E-16
  0.2134E-16  0.1586E-16  0.1175E-16  0.9335E-17  0.7440E-17
  0.6171E-17  0.5139E-17  0.4390E-17  0.3764E-17  0.3284E-17
  0.2876E-17  0.2269E-17  0.1836E-17  0.1174E-17  0.8142E-18
  0.5980E-18  0.4577E-18  0.3615E-18  0.2927E-18  0.1300E-18
  0.7311E-19  0.4682E-19  0.3247E-19  0.2388E-19  0.1829E-19
  0.1173E-19  0.8112E-20  0.6029E-20  0.1775E-08  0.1760E-08
  0.1716E-08  0.1645E-08  0.1552E-08  0.1438E-08  0.1313E-08
  0.1039E-08  0.7693E-09  0.4809E-09  0.2709E-09  0.1375E-09
  0.6285E-10  0.9617E-11  0.9722E-12  0.6497E-13  0.3175E-14
  0.1950E-15  0.1321E-15  0.9811E-16  0.7254E-16  0.5763E-16
  0.4591E-16  0.3807E-16  0.3169E-16  0.2706E-16  0.2320E-16
  0.2024E-16  0.1772E-16  0.1398E-16  0.1131E-16  0.7233E-17
  0.5015E-17  0.3684E-17  0.2819E-17  0.2227E-17  0.1803E-17
  0.8011E-18  0.4505E-18  0.2883E-18  0.2002E-18  0.1471E-18
  0.1126E-18  0.7210E-19  0.5004E-19  0.3683E-19  0.3305E-08
  0.3278E-08  0.3197E-08  0.3065E-08  0.2895E-08  0.2685E-08
  0.2454E-08  0.1948E-08  0.1448E-08  0.9109E-09  0.5170E-09
  0.2648E-09  0.1223E-09  0.1921E-10  0.2005E-11  0.1396E-12
  0.7310E-14  0.5485E-15  0.3709E-15  0.2753E-15  0.2035E-15
  0.1617E-15  0.1288E-15  0.1068E-15  0.8889E-16  0.7591E-16
  0.6508E-16  0.5677E-16  0.4971E-16  0.3922E-16  0.3173E-16
  0.2029E-16  0.1407E-16  0.1033E-16  0.7905E-17  0.6245E-17
  0.5057E-17  0.2247E-17  0.1263E-17  0.8086E-18  0.5615E-18
  0.4125E-18  0.3158E-18  0.2022E-18  0.1404E-18  0.1032E-18
  0.6029E-08  0.5980E-08  0.5833E-08  0.5595E-08  0.5287E-08
  0.4908E-08  0.4490E-08  0.3572E-08  0.2664E-08  0.1683E-08
  0.9609E-09  0.4955E-09  0.2308E-09  0.3693E-10  0.3946E-11
  0.2828E-12  0.1553E-13  0.1317E-14  0.8889E-15  0.6598E-15
  0.4877E-15  0.3874E-15  0.3086E-15  0.2558E-15  0.2130E-15
  0.1819E-15  0.1559E-15  0.1360E-15  0.1191E-15  0.9395E-16
  0.7601E-16  0.4860E-16  0.3370E-16  0.2475E-16  0.1894E-16
  0.1496E-16  0.1211E-16  0.5382E-17  0.3027E-17  0.1937E-17
  0.1345E-17  0.9882E-18  0.7566E-18  0.4842E-18  0.3362E-18
  0.2471E-18  0.1087E-07  0.1078E-07  0.1052E-07  0.1009E-07
  0.9543E-08  0.8866E-08  0.8116E-08  0.6471E-08  0.4837E-08
  0.3070E-08  0.1761E-08  0.9135E-09  0.4283E-09  0.6965E-10
  0.7592E-11  0.5574E-12  0.3192E-13  0.2987E-14  0.2013E-14
  0.1494E-14  0.1104E-14  0.8772E-15  0.6987E-15  0.5793E-15
  0.4822E-15  0.4118E-15  0.3530E-15  0.3080E-15  0.2696E-15
  0.2127E-15  0.1721E-15  0.1100E-15  0.7629E-16  0.5603E-16
  0.4287E-16  0.3387E-16  0.2743E-16  0.1218E-16  0.6853E-17
  0.4385E-17  0.3045E-17  0.2237E-17  0.1713E-17  0.1096E-17
  0.7613E-18  0.5594E-18  0.1948E-07  0.1932E-07  0.1885E-07
  0.1810E-07  0.1712E-07  0.1591E-07  0.1458E-07  0.1164E-07
  0.8726E-08  0.5558E-08  0.3203E-08  0.1671E-08  0.7882E-09
  0.1301E-09  0.1444E-10  0.1085E-11  0.6463E-13  0.6615E-14
  0.4455E-14  0.3306E-14  0.2443E-14  0.1940E-14  0.1545E-14
  0.1281E-14  0.1067E-14  0.9108E-15  0.7808E-15  0.6811E-15
  0.5964E-15  0.4704E-15  0.3806E-15  0.2433E-15  0.1687E-15
  0.1239E-15  0.9481E-16  0.7490E-16  0.6066E-16  0.2695E-16
  0.1516E-16  0.9699E-17  0.6735E-17  0.4948E-17  0.3788E-17
  0.2424E-17  0.1684E-17  0.1237E-17  0.3477E-07  0.3449E-07
  0.3367E-07  0.3233E-07  0.3059E-07  0.2845E-07  0.2609E-07
  0.2088E-07  0.1568E-07  0.1002E-07  0.5802E-08  0.3042E-08
  0.1444E-08  0.2418E-09  0.2732E-10  0.2098E-11  0.1301E-12
  0.1450E-13  0.9753E-14  0.7237E-14  0.5348E-14  0.4247E-14
  0.3382E-14  0.2804E-14  0.2334E-14  0.1993E-14  0.1709E-14
  0.1491E-14  0.1305E-14  0.1029E-14  0.8329E-15  0.5325E-15
  0.3692E-15  0.2711E-15  0.2075E-15  0.1639E-15  0.1327E-15
  0.5897E-16  0.3316E-16  0.2122E-16  0.1474E-16  0.1083E-16
  0.8289E-17  0.5305E-17  0.3684E-17  0.2707E-17  0.6192E-07
  0.6143E-07  0.5998E-07  0.5761E-07  0.5453E-07  0.5076E-07
  0.4656E-07  0.3733E-07  0.2810E-07  0.1803E-07  0.1048E-07
  0.5524E-08  0.2638E-08  0.4480E-09  0.5151E-10  0.4045E-11
  0.2613E-12  0.3158E-13  0.2122E-13  0.1575E-13  0.1163E-13
  0.9239E-14  0.7358E-14  0.6100E-14  0.5078E-14  0.4336E-14
  0.3717E-14  0.3242E-14  0.2839E-14  0.2239E-14  0.1812E-14
  0.1158E-14  0.8030E-15  0.5898E-15  0.4513E-15  0.3565E-15
  0.2887E-15  0.1283E-15  0.7213E-16  0.4616E-16  0.3205E-16
  0.2355E-16  0.1803E-16  0.1154E-16  0.8013E-17  0.5887E-17
  0.1099E-06  0.1090E-06  0.1064E-06  0.1023E-06  0.9686E-07
  0.9020E-07  0.8281E-07  0.6650E-07  0.5018E-07  0.3231E-07
  0.1886E-07  0.9992E-08  0.4799E-08  0.8267E-09  0.9672E-10
  0.7767E-11  0.5230E-12  0.6835E-13  0.4589E-13  0.3404E-13
  0.2515E-13  0.1997E-13  0.1590E-13  0.1318E-13  0.1097E-13
  0.9370E-14  0.8032E-14  0.7007E-14  0.6135E-14  0.4839E-14
  0.3915E-14  0.2503E-14  0.1735E-14  0.1274E-14  0.9752E-15
  0.7704E-15  0.6238E-15  0.2772E-15  0.1559E-15  0.9975E-16
  0.6927E-16  0.5089E-16  0.3896E-16  0.2494E-16  0.1732E-16
  0.1272E-16  0.1943E-06  0.1928E-06  0.1883E-06  0.1810E-06
  0.1715E-06  0.1598E-06  0.1468E-06  0.1181E-06  0.8930E-07
  0.5770E-07  0.3384E-07  0.1801E-07  0.8703E-08  0.1521E-08
  0.1810E-09  0.1487E-10  0.1045E-11  0.1472E-12  0.9868E-13
  0.7321E-13  0.5407E-13  0.4293E-13  0.3419E-13  0.2834E-13
  0.2359E-13  0.2014E-13  0.1727E-13  0.1506E-13  0.1319E-13
  0.1040E-13  0.8416E-14  0.5380E-14  0.3730E-14  0.2740E-14
  0.2096E-14  0.1656E-14  0.1341E-14  0.5958E-15  0.3351E-15
  0.2144E-15  0.1489E-15  0.1094E-15  0.8375E-16  0.5360E-16
  0.3722E-16  0.2735E-16  0.3419E-06  0.3393E-06  0.3315E-06
  0.3187E-06  0.3021E-06  0.2816E-06  0.2589E-06  0.2086E-06
  0.1581E-06  0.1025E-06  0.6039E-07  0.3231E-07  0.1570E-07
  0.2782E-08  0.3370E-09  0.2832E-10  0.2078E-11  0.3145E-12
  0.2105E-12  0.1561E-12  0.1153E-12  0.9156E-13  0.7291E-13
  0.6044E-13  0.5031E-13  0.4295E-13  0.3682E-13  0.3212E-13
  0.2812E-13  0.2218E-13  0.1795E-13  0.1147E-13  0.7954E-14
  0.5842E-14  0.4470E-14  0.3531E-14  0.2859E-14  0.1270E-14
  0.7144E-15  0.4572E-15  0.3175E-15  0.2332E-15  0.1786E-15
  0.1143E-15  0.7936E-16  0.5831E-16  0.5974E-06  0.5929E-06
  0.5792E-06  0.5571E-06  0.5283E-06  0.4928E-06  0.4533E-06
  0.3660E-06  0.2780E-06  0.1809E-06  0.1070E-06  0.5753E-07
  0.2812E-07  0.5052E-08  0.6227E-09  0.5352E-10  0.4105E-11
  0.6651E-12  0.4442E-12  0.3296E-12  0.2434E-12  0.1933E-12
  0.1539E-12  0.1276E-12  0.1062E-12  0.9065E-13  0.7770E-13
  0.6778E-13  0.5934E-13  0.4681E-13  0.3787E-13  0.2421E-13
  0.1678E-13  0.1233E-13  0.9432E-14  0.7451E-14  0.6034E-14
  0.2680E-14  0.1508E-14  0.9647E-15  0.6699E-15  0.4922E-15
  0.3768E-15  0.2412E-15  0.1675E-15  0.1230E-15  0.1037E-05
  0.1029E-05  0.1006E-05  0.9677E-06  0.9180E-06  0.8568E-06
  0.7887E-06  0.6378E-06  0.4856E-06  0.3170E-06  0.1883E-06
  0.1018E-06  0.5003E-07  0.9114E-08  0.1143E-08  0.1005E-09
  0.8062E-11  0.1394E-11  0.9329E-12  0.6892E-12  0.5089E-12
  0.4040E-12  0.3217E-12  0.2667E-12  0.2219E-12  0.1895E-12
  0.1624E-12  0.1417E-12  0.1240E-12  0.9784E-13  0.7916E-13
  0.5060E-13  0.3508E-13  0.2577E-13  0.1971E-13  0.1557E-13
  0.1261E-13  0.5603E-14  0.3151E-14  0.2016E-14  0.1400E-14
  0.1029E-14  0.7876E-15  0.5041E-15  0.3500E-15  0.2572E-15
  0.1790E-05  0.1776E-05  0.1736E-05  0.1671E-05  0.1586E-05
  0.1481E-05  0.1364E-05  0.1105E-05  0.8432E-06  0.5524E-06
  0.3295E-06  0.1790E-06  0.8848E-07  0.1634E-07  0.2085E-08
  0.1877E-09  0.1575E-10  0.2895E-11  0.1944E-11  0.1427E-11
  0.1054E-11  0.8366E-12  0.6661E-12  0.5522E-12  0.4595E-12
  0.3924E-12  0.3363E-12  0.2934E-12  0.2569E-12  0.2027E-12
  0.1640E-12  0.1048E-12  0.7267E-13  0.5337E-13  0.4083E-13
  0.3226E-13  0.2612E-13  0.1160E-13  0.6526E-14  0.4177E-14
  0.2900E-14  0.2131E-14  0.1631E-14  0.1044E-14  0.7250E-15
  0.5327E-15  0.3068E-05  0.3045E-05  0.2977E-05  0.2866E-05
  0.2721E-05  0.2543E-05  0.2343E-05  0.1902E-05  0.1454E-05
  0.9559E-06  0.5726E-06  0.3125E-06  0.1554E-06  0.2911E-07
  0.3778E-08  0.3480E-09  0.3057E-10  0.5952E-11  0.4001E-11
  0.2942E-11  0.2171E-11  0.1723E-11  0.1371E-11  0.1137E-11
  0.9456E-12  0.8074E-12  0.6918E-12  0.6035E-12  0.5265E-12
  0.4153E-12  0.3360E-12  0.2148E-12  0.1489E-12  0.1094E-12
  0.8368E-13  0.6611E-13  0.5353E-13  0.2378E-13  0.1338E-13
  0.8560E-14  0.5944E-14  0.4368E-14  0.3344E-14  0.2140E-14
  0.1486E-14  0.1092E-14  0.5222E-05  0.5184E-05  0.5068E-05
  0.4881E-05  0.4636E-05  0.4334E-05  0.3998E-05  0.3249E-05
  0.2490E-05  0.1643E-05  0.9879E-06  0.5419E-06  0.2710E-06
  0.5146E-07  0.6795E-08  0.6407E-09  0.5893E-10  0.1211E-10
  0.8143E-11  0.6008E-11  0.4431E-11  0.3516E-11  0.2797E-11
  0.2318E-11  0.1927E-11  0.1645E-11  0.1410E-11  0.1230E-11
  0.1072E-11  0.8452E-12  0.6836E-12  0.4369E-12  0.3028E-12
  0.2224E-12  0.1701E-12  0.1344E-12  0.1088E-12  0.4831E-13
  0.2716E-13  0.1738E-13  0.1207E-13  0.8856E-14  0.6780E-14
  0.4340E-14  0.3014E-14  0.2214E-14  0.8828E-05  0.8763E-05
  0.8570E-05  0.8255E-05  0.7845E-05  0.7338E-05  0.6772E-05
  0.5514E-05  0.4235E-05  0.2803E-05  0.1693E-05  0.9331E-06
  0.4693E-06  0.9034E-07  0.1213E-07  0.1172E-08  0.1128E-09
  0.2439E-10  0.1640E-10  0.1211E-10  0.8929E-11  0.7083E-11
  0.5633E-11  0.4668E-11  0.3881E-11  0.3313E-11  0.2837E-11
  0.2475E-11  0.2161E-11  0.1704E-11  0.1378E-11  0.8802E-12
  0.6097E-12  0.4477E-12  0.3423E-12  0.2704E-12  0.2189E-12
  0.9717E-13  0.5461E-13  0.3494E-13  0.2425E-13  0.1779E-13
  0.1362E-13  0.8707E-14  0.6046E-14  0.4442E-14  0.1482E-04
  0.1472E-04  0.1439E-04  0.1387E-04  0.1319E-04  0.1234E-04
  0.1140E-04  0.9296E-05  0.7154E-05  0.4751E-05  0.2881E-05
  0.1596E-05  0.8073E-06  0.1575E-06  0.2152E-07  0.2128E-08
  0.2146E-09  0.4865E-10  0.3268E-10  0.2416E-10  0.1780E-10
  0.1412E-10  0.1122E-10  0.9299E-11  0.7729E-11  0.6598E-11
  0.5649E-11  0.4928E-11  0.4307E-11  0.3394E-11  0.2745E-11
  0.1753E-11  0.1214E-11  0.8912E-12  0.6813E-12  0.5382E-12
  0.4355E-12  0.1933E-12  0.1086E-12  0.6947E-13  0.4820E-13
  0.3537E-13  0.2711E-13  0.1729E-13  0.1201E-13  0.8821E-14
  0.2475E-04  0.2457E-04  0.2404E-04  0.2317E-04  0.2204E-04
  0.2064E-04  0.1907E-04  0.1558E-04  0.1202E-04  0.8008E-05
  0.4876E-05  0.2714E-05  0.1381E-05  0.2731E-06  0.3796E-07
  0.3844E-08  0.4058E-09  0.9619E-10  0.6458E-10  0.4773E-10
  0.3515E-10  0.2788E-10  0.2215E-10  0.1835E-10  0.1525E-10
  0.1302E-10  0.1115E-10  0.9722E-11  0.8498E-11  0.6697E-11
  0.5414E-11  0.3457E-11  0.2393E-11  0.1757E-11  0.1343E-11
  0.1061E-11  0.8582E-12  0.3808E-12  0.2139E-12  0.1368E-12
  0.9492E-13  0.6967E-13  0.5341E-13  0.3402E-13  0.2362E-13
  0.1736E-13  0.4111E-04  0.4081E-04  0.3993E-04  0.3851E-04
  0.3663E-04  0.3433E-04  0.3174E-04  0.2598E-04  0.2008E-04
  0.1342E-04  0.8208E-05  0.4591E-05  0.2349E-05  0.4709E-06
  0.6660E-07  0.6910E-08  0.7636E-09  0.1886E-09  0.1266E-09
  0.9351E-10  0.6884E-10  0.5458E-10  0.4336E-10  0.3592E-10
  0.2984E-10  0.2547E-10  0.2180E-10  0.1902E-10  0.1662E-10
  0.1310E-10  0.1059E-10  0.6759E-11  0.4678E-11  0.3434E-11
  0.2624E-11  0.2072E-11  0.1677E-11  0.7437E-12  0.4177E-12
  0.2672E-12  0.1853E-12  0.1360E-12  0.1043E-12  0.6635E-13
  0.4607E-13  0.3385E-13  0.6804E-04  0.6756E-04  0.6611E-04
  0.6377E-04  0.6070E-04  0.5690E-04  0.5265E-04  0.4316E-04
  0.3343E-04  0.2243E-04  0.1377E-04  0.7741E-05  0.3982E-05
  0.8095E-06  0.1165E-06  0.1239E-07  0.1433E-08  0.3678E-09
  0.2466E-09  0.1821E-09  0.1340E-09  0.1062E-09  0.8435E-10
  0.6987E-10  0.5803E-10  0.4953E-10  0.4238E-10  0.3697E-10
  0.3231E-10  0.2546E-10  0.2057E-10  0.1313E-10  0.9085E-11
  0.6668E-11  0.5094E-11  0.4024E-11  0.3255E-11  0.1443E-11
  0.8103E-12  0.5183E-12  0.3594E-12  0.2638E-12  0.2023E-12
  0.1286E-12  0.8928E-13  0.6559E-13  0.1124E-03  0.1116E-03
  0.1092E-03  0.1054E-03  0.1003E-03  0.9412E-04  0.8715E-04
  0.7156E-04  0.5555E-04  0.3740E-04  0.2306E-04  0.1303E-04
  0.6741E-05  0.1390E-05  0.2035E-06  0.2221E-07  0.2688E-08
  0.7143E-09  0.4783E-09  0.3530E-09  0.2597E-09  0.2057E-09
  0.1634E-09  0.1353E-09  0.1123E-09  0.9586E-10  0.8201E-10
  0.7153E-10  0.6251E-10  0.4924E-10  0.3979E-10  0.2539E-10
  0.1756E-10  0.1289E-10  0.9843E-11  0.7773E-11  0.6287E-11
  0.2787E-11  0.1564E-11  0.1000E-11  0.6935E-12  0.5089E-12
  0.3905E-12  0.2478E-12  0.1721E-12  0.1264E-12  0.1856E-03
  0.1843E-03  0.1804E-03  0.1741E-03  0.1659E-03  0.1557E-03
  0.1443E-03  0.1187E-03  0.9231E-04  0.6236E-04  0.3862E-04
  0.2193E-04  0.1141E-04  0.2387E-05  0.3558E-06  0.3990E-07
  0.5048E-08  0.1385E-08  0.9262E-09  0.6831E-09  0.5022E-09
  0.3978E-09  0.3157E-09  0.2614E-09  0.2170E-09  0.1852E-09
  0.1584E-09  0.1381E-09  0.1207E-09  0.9502E-10  0.7677E-10
  0.4897E-10  0.3385E-10  0.2484E-10  0.1897E-10  0.1498E-10
  0.1211E-10  0.5368E-11  0.3012E-11  0.1926E-11  0.1335E-11
  0.9793E-12  0.7517E-12  0.4764E-12  0.3308E-12  0.2431E-12
  0.3071E-03  0.3050E-03  0.2987E-03  0.2884E-03  0.2748E-03
  0.2581E-03  0.2393E-03  0.1972E-03  0.1537E-03  0.1042E-03
  0.6484E-04  0.3700E-04  0.1938E-04  0.4113E-05  0.6244E-06
  0.7196E-07  0.9515E-08  0.2688E-08  0.1795E-08  0.1323E-08
  0.9719E-09  0.7694E-09  0.6104E-09  0.5053E-09  0.4193E-09
  0.3577E-09  0.3058E-09  0.2667E-09  0.2330E-09  0.1834E-09
  0.1481E-09  0.9447E-10  0.6528E-10  0.4789E-10  0.3656E-10
  0.2887E-10  0.2334E-10  0.1034E-10  0.5798E-11  0.3707E-11
  0.2568E-11  0.1884E-11  0.1446E-11  0.9152E-12  0.6356E-12
  0.4669E-12  0.5118E-03  0.5083E-03  0.4978E-03  0.4808E-03
  0.4584E-03  0.4308E-03  0.3997E-03  0.3299E-03  0.2579E-03
  0.1755E-03  0.1097E-03  0.6293E-04  0.3317E-04  0.7148E-05
  0.1106E-05  0.1311E-06  0.1812E-07  0.5251E-08  0.3502E-08
  0.2578E-08  0.1893E-08  0.1498E-08  0.1187E-08  0.9827E-09
  0.8150E-09  0.6953E-09  0.5942E-09  0.5182E-09  0.4525E-09
  0.3561E-09  0.2875E-09  0.1833E-09  0.1266E-09  0.9283E-10
  0.7084E-10  0.5593E-10  0.4520E-10  0.2001E-10  0.1122E-10
  0.7171E-11  0.4966E-11  0.3642E-11  0.2798E-11  0.1767E-11
  0.1227E-11  0.9013E-12  0.8633E-03  0.8575E-03  0.8400E-03
  0.8116E-03  0.7742E-03  0.7280E-03  0.6760E-03  0.5591E-03
  0.4381E-03  0.2994E-03  0.1880E-03  0.1085E-03  0.5756E-04
  0.1261E-04  0.1992E-05  0.2431E-06  0.3509E-07  0.1040E-07
  0.6921E-08  0.5088E-08  0.3733E-08  0.2952E-08  0.2339E-08
  0.1935E-08  0.1604E-08  0.1368E-08  0.1169E-08  0.1019E-08
  0.8893E-09  0.6995E-09  0.5646E-09  0.3597E-09  0.2482E-09
  0.1820E-09  0.1388E-09  0.1096E-09  0.8855E-10  0.3917E-10
  0.2195E-10  0.1403E-10  0.9709E-11  0.7116E-11  0.5471E-11
  0.3446E-11  0.2393E-11  0.1758E-11  0.1485E-02  0.1475E-02
  0.1445E-02  0.1397E-02  0.1333E-02  0.1254E-02  0.1166E-02
  0.9662E-03  0.7592E-03  0.5210E-03  0.3288E-03  0.1909E-03
  0.1020E-03  0.2275E-04  0.3675E-05  0.4626E-06  0.6974E-07
  0.2104E-07  0.1397E-07  0.1026E-07  0.7516E-08  0.5939E-08
  0.4702E-08  0.3888E-08  0.3220E-08  0.2746E-08  0.2344E-08
  0.2044E-08  0.1783E-08  0.1402E-08  0.1131E-08  0.7199E-09
  0.4964E-09  0.3638E-09  0.2773E-09  0.2189E-09  0.1768E-09
  0.7813E-10  0.4375E-10  0.2795E-10  0.1933E-10  0.1416E-10
  0.1090E-10  0.6839E-11  0.4749E-11  0.3489E-11  0.2624E-02
  0.2607E-02  0.2555E-02  0.2470E-02  0.2359E-02  0.2221E-02
  0.2066E-02  0.1717E-02  0.1353E-02  0.9329E-03  0.5922E-03
  0.3462E-03  0.1865E-03  0.4238E-04  0.7019E-05  0.9134E-06
  0.1437E-06  0.4395E-07  0.2909E-07  0.2131E-07  0.1560E-07
  0.1231E-07  0.9736E-08  0.8046E-08  0.6659E-08  0.5676E-08
  0.4842E-08  0.4220E-08  0.3679E-08  0.2890E-08  0.2330E-08
  0.1482E-08  0.1021E-08  0.7478E-09  0.5696E-09  0.4494E-09
  0.3627E-09  0.1601E-09  0.8956E-10  0.5719E-10  0.3952E-10
  0.2893E-10  0.2229E-10  0.1393E-10  0.9671E-11  0.7105E-11
  0.4811E-02  0.4780E-02  0.4686E-02  0.4533E-02  0.4332E-02
  0.4083E-02  0.3802E-02  0.3167E-02  0.2504E-02  0.1736E-02
  0.1109E-02  0.6533E-03  0.3550E-03  0.8243E-04  0.1403E-04
  0.1894E-05  0.3110E-06  0.9586E-07  0.6321E-07  0.4617E-07
  0.3374E-07  0.2659E-07  0.2100E-07  0.1734E-07  0.1433E-07
  0.1221E-07  0.1041E-07  0.9066E-08  0.7897E-08  0.6197E-08
  0.4993E-08  0.3171E-08  0.2180E-08  0.1596E-08  0.1214E-08
  0.9578E-09  0.7725E-09  0.3404E-09  0.1902E-09  0.1213E-09
  0.8374E-10  0.6125E-10  0.4725E-10  0.2934E-10  0.2037E-10
  0.1497E-10  0.9269E-02  0.9210E-02  0.9032E-02  0.8742E-02
  0.8360E-02  0.7887E-02  0.7352E-02  0.6143E-02  0.4876E-02
  0.3400E-02  0.2188E-02  0.1300E-02  0.7139E-03  0.1699E-03
  0.2983E-04  0.4194E-05  0.7192E-06  0.2221E-06  0.1457E-06
  0.1060E-06  0.7729E-07  0.6078E-07  0.4792E-07  0.3951E-07
  0.3261E-07  0.2776E-07  0.2362E-07  0.2057E-07  0.1790E-07
  0.1403E-07  0.1129E-07  0.7153E-08  0.4908E-08  0.3589E-08
  0.2727E-08  0.2149E-08  0.1731E-08  0.7610E-09  0.4243E-09
  0.2705E-09  0.1863E-09  0.1360E-09  0.1052E-09  0.6472E-10
  0.4494E-10  0.3302E-10  0.1901E-01  0.1889E-01  0.1853E-01
  0.1795E-01  0.1718E-01  0.1622E-01  0.1514E-01  0.1270E-01
  0.1012E-01  0.7107E-02  0.4613E-02  0.2769E-02  0.1538E-02
  0.3764E-03  0.6853E-04  0.1009E-04  0.1811E-05  0.5583E-06
  0.3631E-06  0.2626E-06  0.1909E-06  0.1497E-06  0.1177E-06
  0.9688E-07  0.7979E-07  0.6783E-07  0.5761E-07  0.5013E-07
  0.4354E-07  0.3405E-07  0.2735E-07  0.1728E-07  0.1182E-07
  0.8629E-08  0.6541E-08  0.5151E-08  0.4143E-08  0.1814E-08
  0.1008E-08  0.6419E-09  0.4408E-09  0.3212E-09  0.2492E-09
  0.1494E-09  0.1050E-09  0.7711E-10  0.4202E-01  0.4176E-01
  0.4099E-01  0.3973E-01  0.3806E-01  0.3599E-01  0.3365E-01
  0.2832E-01  0.2269E-01  0.1606E-01  0.1053E-01  0.6392E-02
  0.3597E-02  0.9095E-03  0.1726E-03  0.2678E-04  0.5061E-05
  0.1554E-05  0.9995E-06  0.7172E-06  0.5193E-06  0.4054E-06
  0.3176E-06  0.2607E-06  0.2140E-06  0.1816E-06  0.1539E-06
  0.1337E-06  0.1158E-06  0.9032E-07  0.7238E-07  0.4552E-07
  0.3098E-07  0.2256E-07  0.1704E-07  0.1340E-07  0.1075E-07
  0.4681E-08  0.2590E-08  0.1645E-08  0.1124E-08  0.8163E-09
  0.6365E-09  0.3938E-09  0.2595E-09  0.1926E-09  0.1015E+00
  0.1009E+00  0.9911E-01  0.9614E-01  0.9221E-01  0.8733E-01
  0.8178E-01  0.6915E-01  0.5573E-01  0.3980E-01  0.2638E-01
  0.1623E-01  0.9277E-02  0.2435E-02  0.4848E-03  0.8002E-04
  0.1608E-04  0.4928E-05  0.3123E-05  0.2216E-05  0.1596E-05
  0.1239E-05  0.9660E-06  0.7898E-06  0.6457E-06  0.5464E-06
  0.4612E-06  0.3999E-06  0.3454E-06  0.2681E-06  0.2141E-06
  0.1337E-06  0.9037E-07  0.6555E-07  0.4929E-07  0.3866E-07
  0.3092E-07  0.1333E-07  0.7325E-08  0.4634E-08  0.3145E-08
  0.2270E-08  0.1784E-08  0.1143E-08  0.7306E-09  0.5204E-09
  0.2721E+00  0.2706E+00  0.2658E+00  0.2581E+00  0.2479E+00
  0.2351E+00  0.2207E+00  0.1875E+00  0.1522E+00  0.1098E+00
  0.7373E-01  0.4607E-01  0.2680E-01  0.7345E-02  0.1547E-02
  0.2748E-03  0.5954E-04  0.1831E-04  0.1141E-04  0.7989E-05
  0.5718E-05  0.4401E-05  0.3412E-05  0.2775E-05  0.2257E-05
  0.1902E-05  0.1598E-05  0.1382E-05  0.1189E-05  0.9171E-06
  0.7287E-06  0.4506E-06  0.3017E-06  0.2176E-06  0.1625E-06
  0.1270E-06  0.1011E-06  0.4297E-07  0.2336E-07  0.1469E-07
  0.9860E-08  0.7048E-08  0.5608E-08  0.3657E-08  0.2283E-08
  0.1541E-08  0.8227E+00  0.8181E+00  0.8044E+00  0.7819E+00
  0.7520E+00  0.7148E+00  0.6723E+00  0.5748E+00  0.4700E+00
  0.3433E+00  0.2339E+00  0.1487E+00  0.8832E-01  0.2545E-01
  0.5726E-02  0.1110E-02  0.2631E-03  0.8170E-04  0.5001E-04
  0.3448E-04  0.2451E-04  0.1869E-04  0.1440E-04  0.1163E-04
  0.9410E-05  0.7891E-05  0.6597E-05  0.5681E-05  0.4865E-05
  0.3727E-05  0.2943E-05  0.1797E-05  0.1189E-05  0.8507E-06
  0.6301E-06  0.4896E-06  0.3874E-06  0.1615E-06  0.8655E-07
  0.5395E-07  0.3560E-07  0.2508E-07  0.2031E-07  0.1342E-07
  0.7995E-08  0.5079E-08  0.2811E+01  0.2796E+01  0.2751E+01
  0.2677E+01  0.2579E+01  0.2457E+01  0.2317E+01  0.1994E+01
  0.1645E+01  0.1218E+01  0.8436E+00  0.5471E+00  0.3324E+00
  0.1014E+00  0.2456E-01  0.5229E-02  0.1352E-02  0.4202E-03
  0.2530E-03  0.1720E-03  0.1216E-03  0.9185E-04  0.7045E-04
  0.5651E-04  0.4552E-04  0.3797E-04  0.3161E-04  0.2711E-04
  0.2313E-04  0.1760E-04  0.1382E-04  0.8327E-05  0.5451E-05
  0.3864E-05  0.2839E-05  0.2192E-05  0.1724E-05  0.7033E-06
  0.3709E-06  0.2287E-06  0.1479E-06  0.1023E-06  0.8447E-07
  0.5646E-07  0.3168E-07  0.1865E-07  0.1070E+02  0.1065E+02
  0.1049E+02  0.1022E+02  0.9861E+01  0.9415E+01  0.8903E+01
  0.7717E+01  0.6422E+01  0.4822E+01  0.3399E+01  0.2251E+01
  0.1401E+01  0.4533E+00  0.1184E+00  0.2756E-01  0.7633E-02
  0.2336E-02  0.1386E-02  0.9314E-03  0.6560E-03  0.4919E-03
  0.3761E-03  0.3000E-03  0.2410E-03  0.2000E-03  0.1662E-03
  0.1419E-03  0.1209E-03  0.9148E-04  0.7150E-04  0.4262E-04
  0.2767E-04  0.1946E-04  0.1421E-04  0.1091E-04  0.8545E-05
  0.3417E-05  0.1777E-05  0.1084E-05  0.6883E-06  0.4674E-06
  0.3923E-06  0.2644E-06  0.1398E-06  0.7570E-07  0.4421E+02
  0.4399E+02  0.4335E+02  0.4230E+02  0.4089E+02  0.3913E+02
  0.3710E+02  0.3239E+02  0.2720E+02  0.2071E+02  0.1486E+02
  0.1004E+02  0.6403E+01  0.2196E+01  0.6158E+00  0.1546E+00
  0.4466E-01  0.1312E-01  0.7673E-02  0.5116E-02  0.3594E-02
  0.2681E-02  0.2047E-02  0.1625E-02  0.1304E-02  0.1079E-02
  0.8957E-03  0.7625E-03  0.6489E-03  0.4895E-03  0.3815E-03
  0.2257E-03  0.1458E-03  0.1020E-03  0.7421E-04  0.5671E-04
  0.4432E-04  0.1748E-04  0.9006E-05  0.5450E-05  0.3414E-05
  0.2286E-05  0.1937E-05  0.1309E-05  0.6625E-06  0.3344E-06
  0.1900E+03  0.1891E+03  0.1865E+03  0.1822E+03  0.1764E+03
  0.1692E+03  0.1609E+03  0.1414E+03  0.1198E+03  0.9246E+02
  0.6745E+02  0.4650E+02  0.3032E+02  0.1097E+02  0.3279E+01
  0.8756E+00  0.2591E+00  0.7180E-01  0.4136E-01  0.2745E-01
  0.1923E-01  0.1430E-01  0.1090E-01  0.8637E-02  0.6929E-02
  0.5717E-02  0.4745E-02  0.4030E-02  0.3431E-02  0.2583E-02
  0.2010E-02  0.1183E-02  0.7629E-03  0.5314E-03  0.3862E-03
  0.2942E-03  0.2297E-03  0.8983E-04  0.4605E-04  0.2772E-04
  0.1723E-04  0.1143E-04  0.9710E-05  0.6563E-05  0.3233E-05
  0.1559E-05  0.7599E+03  0.7566E+03  0.7466E+03  0.7302E+03
  0.7081E+03  0.6806E+03  0.6485E+03  0.5734E+03  0.4896E+03
  0.3826E+03  0.2833E+03  0.1987E+03  0.1322E+03  0.5019E+02
  0.1584E+02  0.4445E+01  0.1337E+01  0.3479E+00  0.1977E+00
  0.1303E+00  0.9150E-01  0.6787E-01  0.5176E-01  0.4092E-01
  0.3283E-01  0.2705E-01  0.2245E-01  0.1904E-01  0.1621E-01
  0.1219E-01  0.9480E-02  0.5567E-02  0.3585E-02  0.2492E-02
  0.1810E-02  0.1376E-02  0.1075E-02  0.4182E-03  0.2138E-03
  0.1283E-03  0.7942E-04  0.5246E-04  0.4453E-04  0.3006E-04
  0.1460E-04  0.6859E-05  0.2545E+04  0.2534E+04  0.2502E+04
  0.2450E+04  0.2379E+04  0.2291E+04  0.2187E+04  0.1945E+04
  0.1672E+04  0.1321E+04  0.9906E+03  0.7057E+03  0.4777E+03
  0.1886E+03  0.6206E+02  0.1796E+02  0.5347E+01  0.1269E+01
  0.7152E+00  0.4718E+00  0.3322E+00  0.2465E+00  0.1881E+00
  0.1487E+00  0.1194E+00  0.9833E-01  0.8165E-01  0.6924E-01
  0.5897E-01  0.4436E-01  0.3449E-01  0.2025E-01  0.1305E-01
  0.9068E-02  0.6587E-02  0.5008E-02  0.3911E-02  0.1522E-02
  0.7784E-03  0.4671E-03  0.2889E-03  0.1906E-03  0.1624E-03
  0.1099E-03  0.5335E-04  0.2502E-04  0.7087E+04  0.7058E+04
  0.6973E+04  0.6833E+04  0.6643E+04  0.6406E+04  0.6129E+04
  0.5475E+04  0.4736E+04  0.3777E+04  0.2864E+04  0.2066E+04
  0.1418E+04  0.5750E+03  0.1915E+03  0.5264E+02  0.1214E+02
  0.6153E+00  0.2530E+00  0.2145E+00  0.1732E+00  0.1426E+00
  0.1140E+00  0.9579E-01  0.7894E-01  0.6799E-01  0.5743E-01
  0.5048E-01  0.4351E-01  0.3402E-01  0.2729E-01  0.1727E-01
  0.1167E-01  0.8550E-02  0.6407E-02  0.5063E-02  0.4025E-02
  0.1751E-02  0.9621E-03  0.6124E-03  0.4048E-03  0.2850E-03
  0.2537E-03  0.1808E-03  0.1089E-03  0.6971E-04  0.1829E+05
  0.1822E+05  0.1802E+05  0.1768E+05  0.1722E+05  0.1664E+05
  0.1597E+05  0.1437E+05  0.1255E+05  0.1015E+05  0.7836E+04
  0.5773E+04  0.4060E+04  0.1747E+04  0.6260E+03  0.1876E+03
  0.4720E+02  0.1353E+01 -0.1983E+00  0.5620E-01  0.1584E+00
  0.1856E+00  0.1687E+00  0.1579E+00  0.1361E+00  0.1242E+00
  0.1070E+00  0.9781E-01  0.8515E-01  0.6884E-01  0.5652E-01
  0.3756E-01  0.2600E-01  0.1961E-01  0.1485E-01  0.1196E-01
  0.9523E-02  0.4316E-02  0.2421E-02  0.1570E-02  0.1014E-02
  0.6959E-03  0.7207E-03  0.5629E-03  0.3288E-03  0.2032E-03
  0.4467E+05  0.4452E+05  0.4408E+05  0.4334E+05  0.4234E+05
  0.4108E+05  0.3960E+05  0.3607E+05  0.3200E+05  0.2655E+05
  0.2118E+05  0.1626E+05  0.1203E+05  0.5979E+04  0.2711E+04
  0.1215E+04  0.5986E+03  0.2161E+03  0.1006E+03  0.5603E+02
  0.3716E+02  0.2700E+02  0.2046E+02  0.1600E+02  0.1278E+02
  0.1042E+02  0.8622E+01  0.7250E+01  0.6155E+01  0.4581E+01
  0.3530E+01  0.2024E+01  0.1282E+01  0.8742E+00  0.6268E+00
  0.4691E+00  0.3630E+00  0.1338E+00  0.6567E-01  0.3801E-01
  0.2208E-01  0.1357E-01  0.1191E-01  0.8081E-02  0.2946E-02
  0.5197E-03  0.9201E+05  0.9174E+05  0.9094E+05  0.8961E+05
  0.8780E+05  0.8552E+05  0.8282E+05  0.7635E+05  0.6881E+05
  0.5856E+05  0.4820E+05  0.3844E+05  0.2976E+05  0.1653E+05
  0.8581E+04  0.4419E+04  0.2440E+04  0.1086E+04  0.6630E+03
  0.4264E+03  0.2822E+03  0.1994E+03  0.1494E+03  0.1162E+03
  0.9259E+02  0.7532E+02  0.6222E+02  0.5219E+02  0.4427E+02
  0.3287E+02  0.2527E+02  0.1442E+02  0.9102E+01  0.6179E+01
  0.4420E+01  0.3296E+01  0.2548E+01  0.9279E+00  0.4516E+00
  0.2591E+00  0.1501E+00  0.9204E-01  0.7720E-01  0.5039E-01
  0.1682E-01  0.1146E-02  0.1617E+06  0.1613E+06  0.1600E+06
  0.1580E+06  0.1551E+06  0.1516E+06  0.1474E+06  0.1372E+06
  0.1252E+06  0.1087E+06  0.9176E+05  0.7537E+05  0.6039E+05
  0.3641E+05  0.2072E+05  0.1160E+05  0.6729E+04  0.2928E+04
  0.1784E+04  0.1271E+04  0.9381E+03  0.6933E+03  0.5218E+03
  0.4048E+03  0.3223E+03  0.2619E+03  0.2163E+03  0.1813E+03
  0.1538E+03  0.1141E+03  0.8766E+02  0.4996E+02  0.3151E+02
  0.2137E+02  0.1528E+02  0.1138E+02  0.8797E+01  0.3196E+01
  0.1552E+01  0.8888E+00  0.5159E+00  0.3170E+00  0.2608E+00
  0.1674E+00  0.5463E-01  0.2091E-02  0.2568E+06  0.2562E+06
  0.2544E+06  0.2515E+06  0.2475E+06  0.2424E+06  0.2364E+06
  0.2218E+06  0.2045E+06  0.1804E+06  0.1552E+06  0.1304E+06
  0.1072E+06  0.6865E+05  0.4178E+05  0.2492E+05  0.1509E+05
  0.6517E+04  0.3741E+04  0.2658E+04  0.2078E+04  0.1646E+04
  0.1288E+04  0.1010E+04  0.8048E+03  0.6538E+03  0.5398E+03
  0.4523E+03  0.3836E+03  0.2845E+03  0.2186E+03  0.1245E+03
  0.7849E+02  0.5320E+02  0.3803E+02  0.2832E+02  0.2189E+02
  0.7946E+01  0.3857E+01  0.2206E+01  0.1283E+01  0.7901E+00
  0.6426E+00  0.4085E+00  0.1320E+00  0.3442E-02  0.3805E+06
  0.3797E+06  0.3774E+06  0.3734E+06  0.3681E+06  0.3612E+06
  0.3532E+06  0.3334E+06  0.3099E+06  0.2768E+06  0.2418E+06
  0.2068E+06  0.1735E+06  0.1164E+06  0.7459E+05  0.4676E+05
  0.2948E+05  0.1304E+05  0.7171E+04  0.4866E+04  0.3838E+04
  0.3200E+04  0.2619E+04  0.2095E+04  0.1678E+04  0.1364E+04
  0.1126E+04  0.9435E+03  0.8000E+03  0.5932E+03  0.4557E+03
  0.2595E+03  0.1636E+03  0.1108E+03  0.7923E+02  0.5899E+02
  0.4560E+02  0.1654E+02  0.8026E+01  0.4589E+01  0.2672E+01
  0.1649E+01  0.1330E+01  0.8394E+00  0.2700E+00  0.5315E-02
