  Ple                   3488.   0.71   0.22   0.09
    50   0.0   0.0    1.0000  0.0001
  46
      4101.742      4101.752      4101.762      4101.772      4101.782
      4101.792      4101.802      4101.822      4101.842      4101.867
      4101.892      4101.917      4101.942      4101.992      4102.042
      4102.092      4102.142      4102.242      4102.342      4102.442
      4102.542      4102.642      4102.742      4102.842      4102.942
      4103.042      4103.142      4103.242      4103.342      4103.542
      4103.742      4104.242      4104.742      4105.242      4105.742
      4106.242      4106.742      4109.242      4111.742      4114.242
      4116.742      4119.242      4121.742      4126.742      4131.742
      4136.742
  0.3416E-10  0.3371E-10  0.3238E-10  0.3025E-10  0.2761E-10
  0.2447E-10  0.2119E-10  0.1461E-10  0.9021E-11  0.4209E-11
  0.1628E-11  0.5122E-12  0.1255E-12  0.9749E-15 -0.3861E-15
 -0.3481E-16 -0.1127E-16 -0.7182E-17 -0.4577E-17 -0.3404E-17
 -0.2526E-17 -0.2009E-17 -0.1603E-17 -0.1330E-17 -0.1108E-17
 -0.9468E-18 -0.8121E-18 -0.7086E-18 -0.6207E-18 -0.4898E-18
 -0.3964E-18 -0.2536E-18 -0.1758E-18 -0.1292E-18 -0.9888E-19
 -0.7814E-19 -0.6327E-19 -0.2808E-19 -0.1577E-19 -0.1010E-19
 -0.7023E-20 -0.5148E-20 -0.3913E-20 -0.2495E-20 -0.1726E-20
 -0.1317E-20  0.7891E-10  0.7794E-10  0.7506E-10  0.7046E-10
  0.6470E-10  0.5782E-10  0.5058E-10  0.3584E-10  0.2298E-10
  0.1146E-10  0.4887E-11  0.1778E-11  0.5506E-12  0.3200E-13
  0.8897E-15  0.1971E-17 -0.5688E-17 -0.3570E-17 -0.2262E-17
 -0.1681E-17 -0.1247E-17 -0.9917E-18 -0.7911E-18 -0.6564E-18
 -0.5467E-18 -0.4672E-18 -0.4007E-18 -0.3496E-18 -0.3062E-18
 -0.2416E-18 -0.1955E-18 -0.1251E-18 -0.8671E-19 -0.6376E-19
 -0.4879E-19 -0.3857E-19 -0.3122E-19 -0.1384E-19 -0.7760E-20
 -0.4972E-20 -0.3464E-20 -0.2533E-20 -0.1911E-20 -0.1213E-20
 -0.8358E-21 -0.6636E-21  0.1559E-09  0.1541E-09  0.1486E-09
  0.1397E-09  0.1286E-09  0.1154E-09  0.1013E-09  0.7257E-10
  0.4722E-10  0.2411E-10  0.1060E-10  0.4012E-11  0.1307E-11
  0.8818E-13  0.3254E-14  0.7334E-16  0.5990E-17  0.4074E-17
  0.2563E-17  0.1908E-17  0.1417E-17  0.1128E-17  0.9004E-18
  0.7474E-18  0.6229E-18  0.5321E-18  0.4565E-18  0.3985E-18
  0.3489E-18  0.2755E-18  0.2230E-18  0.1426E-18  0.9895E-19
  0.7262E-19  0.5558E-19  0.4389E-19  0.3555E-19  0.1583E-19
  0.8926E-20  0.5707E-20  0.3952E-20  0.2916E-20  0.2261E-20
  0.1456E-20  0.1018E-20  0.6984E-21  0.2924E-09  0.2890E-09
  0.2789E-09  0.2626E-09  0.2421E-09  0.2175E-09  0.1915E-09
  0.1380E-09  0.9050E-10  0.4681E-10  0.2091E-10  0.8069E-11
  0.2691E-11  0.1929E-12  0.7767E-14  0.2162E-15  0.3116E-16
  0.2066E-16  0.1292E-16  0.9616E-17  0.7139E-17  0.5680E-17
  0.4532E-17  0.3761E-17  0.3134E-17  0.2678E-17  0.2297E-17
  0.2005E-17  0.1756E-17  0.1386E-17  0.1122E-17  0.7174E-18
  0.4975E-18  0.3654E-18  0.2796E-18  0.2209E-18  0.1789E-18
  0.7953E-19  0.4475E-19  0.2863E-19  0.1987E-19  0.1461E-19
  0.1122E-19  0.7188E-20  0.4998E-20  0.3623E-20  0.5342E-09
  0.5281E-09  0.5097E-09  0.4803E-09  0.4433E-09  0.3989E-09
  0.3517E-09  0.2545E-09  0.1678E-09  0.8753E-10  0.3951E-10
  0.1544E-10  0.5225E-11  0.3883E-12  0.1639E-13  0.5017E-15
  0.8561E-16  0.5651E-16  0.3525E-16  0.2623E-16  0.1947E-16
  0.1549E-16  0.1236E-16  0.1026E-16  0.8545E-17  0.7300E-17
  0.6262E-17  0.5465E-17  0.4786E-17  0.3778E-17  0.3057E-17
  0.1956E-17  0.1356E-17  0.9963E-18  0.7624E-18  0.6023E-18
  0.4878E-18  0.2168E-18  0.1219E-18  0.7803E-19  0.5418E-19
  0.3981E-19  0.3051E-19  0.1954E-19  0.1357E-19  0.9923E-20
  0.9645E-09  0.9536E-09  0.9208E-09  0.8682E-09  0.8019E-09
  0.7223E-09  0.6377E-09  0.4630E-09  0.3066E-09  0.1610E-09
  0.7327E-10  0.2891E-10  0.9890E-11  0.7550E-12  0.3299E-13
  0.1078E-14  0.2043E-15  0.1346E-15  0.8371E-16  0.6227E-16
  0.4622E-16  0.3677E-16  0.2934E-16  0.2435E-16  0.2028E-16
  0.1733E-16  0.1486E-16  0.1297E-16  0.1136E-16  0.8967E-17
  0.7257E-17  0.4642E-17  0.3219E-17  0.2365E-17  0.1810E-17
  0.1430E-17  0.1158E-17  0.5145E-18  0.2894E-18  0.1852E-18
  0.1286E-18  0.9449E-19  0.7237E-19  0.4633E-19  0.3218E-19
  0.2359E-19  0.1730E-08  0.1710E-08  0.1652E-08  0.1558E-08
  0.1440E-08  0.1299E-08  0.1148E-08  0.8358E-09  0.5555E-09
  0.2933E-09  0.1344E-09  0.5349E-10  0.1847E-10  0.1443E-11
  0.6491E-13  0.2250E-14  0.4635E-15  0.3050E-15  0.1889E-15
  0.1405E-15  0.1043E-15  0.8296E-16  0.6619E-16  0.5493E-16
  0.4576E-16  0.3910E-16  0.3353E-16  0.2926E-16  0.2563E-16
  0.2023E-16  0.1637E-16  0.1047E-16  0.7263E-17  0.5335E-17
  0.4082E-17  0.3225E-17  0.2612E-17  0.1161E-17  0.6528E-18
  0.4177E-18  0.2901E-18  0.2131E-18  0.1632E-18  0.1045E-18
  0.7255E-19  0.5325E-19  0.3090E-08  0.3056E-08  0.2952E-08
  0.2787E-08  0.2577E-08  0.2326E-08  0.2058E-08  0.1502E-08
  0.1002E-08  0.5319E-09  0.2454E-09  0.9836E-10  0.3427E-10
  0.2734E-11  0.1264E-12  0.4641E-14  0.1030E-14  0.6768E-15
  0.4173E-15  0.3104E-15  0.2303E-15  0.1832E-15  0.1462E-15
  0.1213E-15  0.1011E-15  0.8634E-16  0.7406E-16  0.6463E-16
  0.5660E-16  0.4467E-16  0.3616E-16  0.2313E-16  0.1604E-16
  0.1178E-16  0.9016E-17  0.7123E-17  0.5768E-17  0.2563E-17
  0.1441E-17  0.9225E-18  0.6406E-18  0.4707E-18  0.3604E-18
  0.2306E-18  0.1602E-18  0.1176E-18  0.5509E-08  0.5447E-08
  0.5265E-08  0.4972E-08  0.4601E-08  0.4156E-08  0.3680E-08
  0.2694E-08  0.1802E-08  0.9617E-09  0.4464E-09  0.1803E-09
  0.6335E-10  0.5158E-11  0.2449E-12  0.9532E-14  0.2267E-14
  0.1489E-14  0.9129E-15  0.6790E-15  0.5038E-15  0.4008E-15
  0.3197E-15  0.2653E-15  0.2210E-15  0.1888E-15  0.1620E-15
  0.1413E-15  0.1238E-15  0.9770E-16  0.7907E-16  0.5058E-16
  0.3508E-16  0.2577E-16  0.1972E-16  0.1558E-16  0.1261E-16
  0.5605E-17  0.3152E-17  0.2018E-17  0.1401E-17  0.1029E-17
  0.7881E-18  0.5044E-18  0.3503E-18  0.2573E-18  0.9803E-08
  0.9695E-08  0.9372E-08  0.8855E-08  0.8200E-08  0.7412E-08
  0.6570E-08  0.4821E-08  0.3236E-08  0.1736E-08  0.8106E-09
  0.3297E-09  0.1168E-09  0.9707E-11  0.4733E-12  0.1956E-13
  0.4969E-14  0.3260E-14  0.1982E-14  0.1474E-14  0.1096E-14
  0.8717E-15  0.6954E-15  0.5771E-15  0.4808E-15  0.4107E-15
  0.3523E-15  0.3074E-15  0.2692E-15  0.2125E-15  0.1720E-15
  0.1100E-15  0.7628E-16  0.5604E-16  0.4288E-16  0.3388E-16
  0.2744E-16  0.1219E-16  0.6856E-17  0.4388E-17  0.3047E-17
  0.2238E-17  0.1714E-17  0.1097E-17  0.7617E-18  0.5596E-18
  0.1739E-07  0.1720E-07  0.1663E-07  0.1572E-07  0.1457E-07
  0.1318E-07  0.1169E-07  0.8600E-08  0.5791E-08  0.3121E-08
  0.1467E-08  0.6009E-09  0.2147E-09  0.1820E-10  0.9113E-12
  0.4004E-13  0.1083E-13  0.7099E-14  0.4366E-14  0.3247E-14
  0.2364E-14  0.1880E-14  0.1500E-14  0.1245E-14  0.1037E-14
  0.8862E-15  0.7602E-15  0.6633E-15  0.5811E-15  0.4586E-15
  0.3712E-15  0.2374E-15  0.1647E-15  0.1210E-15  0.9267E-16
  0.7315E-16  0.5924E-16  0.2634E-16  0.1482E-16  0.9482E-17
  0.6584E-17  0.4837E-17  0.3704E-17  0.2370E-17  0.1646E-17
  0.1209E-17  0.3075E-07  0.3041E-07  0.2942E-07  0.2782E-07
  0.2579E-07  0.2335E-07  0.2074E-07  0.1529E-07  0.1033E-07
  0.5596E-08  0.2646E-08  0.1092E-08  0.3933E-09  0.3401E-10
  0.1750E-11  0.8189E-13  0.2353E-13  0.1540E-13  0.9615E-14
  0.7149E-14  0.5178E-14  0.4122E-14  0.3280E-14  0.2724E-14
  0.2264E-14  0.1937E-14  0.1657E-14  0.1448E-14  0.1266E-14
  0.9982E-15  0.8074E-15  0.5165E-15  0.3574E-15  0.2627E-15
  0.1990E-15  0.1586E-15  0.1283E-15  0.5659E-16  0.3183E-16
  0.2037E-16  0.1415E-16  0.1040E-16  0.7962E-17  0.5096E-17
  0.3539E-17  0.2600E-17  0.5411E-07  0.5353E-07  0.5179E-07
  0.4900E-07  0.4546E-07  0.4119E-07  0.3662E-07  0.2707E-07
  0.1834E-07  0.9984E-08  0.4749E-08  0.1974E-08  0.7169E-09
  0.6324E-10  0.3344E-11  0.1669E-12  0.5078E-13  0.3317E-13
  0.2083E-13  0.1548E-13  0.1131E-13  0.9010E-14  0.7143E-14
  0.5941E-14  0.4922E-14  0.4216E-14  0.3597E-14  0.3148E-14
  0.2744E-14  0.2162E-14  0.1748E-14  0.1118E-14  0.7716E-15
  0.5674E-15  0.4285E-15  0.3422E-15  0.2762E-15  0.1216E-15
  0.6829E-16  0.4371E-16  0.3032E-16  0.2217E-16  0.1697E-16
  0.1087E-16  0.7547E-17  0.5544E-17  0.9455E-07  0.9354E-07
  0.9053E-07  0.8569E-07  0.7954E-07  0.7213E-07  0.6418E-07
  0.4756E-07  0.3233E-07  0.1768E-07  0.8461E-08  0.3541E-08
  0.1297E-08  0.1167E-09  0.6342E-11  0.3382E-12  0.1086E-12
  0.7082E-13  0.4454E-13  0.3311E-13  0.2423E-13  0.1932E-13
  0.1528E-13  0.1272E-13  0.1052E-13  0.9018E-14  0.7680E-14
  0.6727E-14  0.5854E-14  0.4610E-14  0.3724E-14  0.2383E-14
  0.1641E-14  0.1207E-14  0.9153E-15  0.7275E-15  0.5866E-15
  0.2593E-15  0.1453E-15  0.9298E-16  0.6441E-16  0.4704E-16
  0.3608E-16  0.2294E-16  0.1593E-16  0.1170E-16  0.1642E-06
  0.1624E-06  0.1572E-06  0.1489E-06  0.1383E-06  0.1255E-06
  0.1118E-06  0.8303E-07  0.5662E-07  0.3112E-07  0.1498E-07
  0.6313E-08  0.2331E-08  0.2139E-09  0.1196E-10  0.6820E-12
  0.2305E-12  0.1500E-12  0.9433E-13  0.7010E-13  0.5132E-13
  0.4093E-13  0.3232E-13  0.2692E-13  0.2222E-13  0.1906E-13
  0.1621E-13  0.1421E-13  0.1235E-13  0.9721E-14  0.7850E-14
  0.5023E-14  0.3454E-14  0.2542E-14  0.1929E-14  0.1530E-14
  0.1233E-14  0.5457E-15  0.3052E-15  0.1954E-15  0.1352E-15
  0.9902E-16  0.7617E-16  0.4795E-16  0.3330E-16  0.2446E-16
  0.2834E-06  0.2804E-06  0.2715E-06  0.2572E-06  0.2391E-06
  0.2171E-06  0.1936E-06  0.1441E-06  0.9857E-07  0.5444E-07
  0.2636E-07  0.1119E-07  0.4164E-08  0.3899E-09  0.2242E-10
  0.1370E-11  0.4857E-12  0.3154E-12  0.1982E-12  0.1472E-12
  0.1077E-12  0.8591E-13  0.6772E-13  0.5644E-13  0.4651E-13
  0.3993E-13  0.3391E-13  0.2975E-13  0.2582E-13  0.2031E-13
  0.1639E-13  0.1049E-13  0.7204E-14  0.5302E-14  0.4023E-14
  0.3189E-14  0.2567E-14  0.1137E-14  0.6350E-15  0.4065E-15
  0.2812E-15  0.2061E-15  0.1588E-15  0.9933E-16  0.6898E-16
  0.5068E-16  0.4858E-06  0.4807E-06  0.4656E-06  0.4413E-06
  0.4104E-06  0.3730E-06  0.3329E-06  0.2484E-06  0.1704E-06
  0.9459E-07  0.4607E-07  0.1969E-07  0.7389E-08  0.7056E-09
  0.4175E-10  0.2737E-11  0.1015E-11  0.6576E-12  0.4126E-12
  0.3063E-12  0.2238E-12  0.1786E-12  0.1405E-12  0.1172E-12
  0.9642E-13  0.8283E-13  0.7024E-13  0.6166E-13  0.5344E-13
  0.4202E-13  0.3390E-13  0.2169E-13  0.1488E-13  0.1095E-13
  0.8303E-14  0.6581E-14  0.5292E-14  0.2344E-14  0.1307E-14
  0.8370E-15  0.5785E-15  0.4241E-15  0.3273E-15  0.2036E-15
  0.1414E-15  0.1039E-15  0.8270E-06  0.8185E-06  0.7930E-06
  0.7519E-06  0.6996E-06  0.6364E-06  0.5684E-06  0.4252E-06
  0.2926E-06  0.1632E-06  0.7994E-07  0.3441E-07  0.1302E-07
  0.1268E-08  0.7723E-10  0.5437E-11  0.2104E-11  0.1359E-11
  0.8513E-12  0.6318E-12  0.4608E-12  0.3677E-12  0.2889E-12
  0.2410E-12  0.1980E-12  0.1702E-12  0.1441E-12  0.1266E-12
  0.1096E-12  0.8609E-13  0.6943E-13  0.4442E-13  0.3041E-13
  0.2239E-13  0.1696E-13  0.1344E-13  0.1080E-13  0.4781E-14
  0.2664E-14  0.1705E-14  0.1178E-14  0.8634E-15  0.6673E-15
  0.4130E-15  0.2868E-15  0.2107E-15  0.1398E-05  0.1384E-05
  0.1341E-05  0.1272E-05  0.1184E-05  0.1078E-05  0.9640E-06
  0.7228E-06  0.4990E-06  0.2796E-06  0.1378E-06  0.5971E-07
  0.2277E-07  0.2262E-08  0.1420E-09  0.1075E-10  0.4328E-11
  0.2787E-11  0.1742E-11  0.1292E-11  0.9404E-12  0.7506E-12
  0.5885E-12  0.4912E-12  0.4028E-12  0.3465E-12  0.2929E-12
  0.2575E-12  0.2225E-12  0.1747E-12  0.1409E-12  0.9011E-13
  0.6157E-13  0.4535E-13  0.3431E-13  0.2720E-13  0.2183E-13
  0.9657E-14  0.5373E-14  0.3439E-14  0.2373E-14  0.1740E-14
  0.1346E-14  0.8288E-15  0.5756E-15  0.4229E-15  0.2348E-05
  0.2325E-05  0.2253E-05  0.2138E-05  0.1992E-05  0.1815E-05
  0.1624E-05  0.1221E-05  0.8452E-06  0.4758E-06  0.2358E-06
  0.1029E-06  0.3955E-07  0.4008E-08  0.2594E-09  0.2114E-10
  0.8836E-11  0.5669E-11  0.3537E-11  0.2621E-11  0.1904E-11
  0.1520E-11  0.1189E-11  0.9930E-12  0.8127E-12  0.6995E-12
  0.5903E-12  0.5193E-12  0.4481E-12  0.3516E-12  0.2832E-12
  0.1812E-12  0.1236E-12  0.9101E-13  0.6875E-13  0.5453E-13
  0.4370E-13  0.1932E-13  0.1073E-13  0.6871E-14  0.4736E-14
  0.3470E-14  0.2691E-14  0.1646E-14  0.1143E-14  0.8398E-15
  0.3921E-05  0.3882E-05  0.3764E-05  0.3573E-05  0.3331E-05
  0.3037E-05  0.2720E-05  0.2049E-05  0.1423E-05  0.8050E-06
  0.4013E-06  0.1763E-06  0.6831E-07  0.7061E-08  0.4715E-09
  0.4144E-10  0.1794E-10  0.1148E-10  0.7135E-11  0.5284E-11
  0.3828E-11  0.3056E-11  0.2386E-11  0.1993E-11  0.1628E-11
  0.1402E-11  0.1181E-11  0.1040E-11  0.8956E-12  0.7022E-12
  0.5653E-12  0.3615E-12  0.2460E-12  0.1812E-12  0.1367E-12
  0.1084E-12  0.8679E-13  0.3834E-13  0.2126E-13  0.1361E-13
  0.9369E-14  0.6863E-14  0.5331E-14  0.3239E-14  0.2249E-14
  0.1653E-14  0.6513E-05  0.6448E-05  0.6253E-05  0.5940E-05
  0.5540E-05  0.5055E-05  0.4531E-05  0.3421E-05  0.2384E-05
  0.1355E-05  0.6794E-06  0.3007E-06  0.1175E-06  0.1240E-07
  0.8565E-09  0.8113E-10  0.3620E-10  0.2271E-10  0.1431E-10
  0.1059E-10  0.7653E-11  0.6111E-11  0.4758E-11  0.3977E-11
  0.3241E-11  0.2794E-11  0.2348E-11  0.2069E-11  0.1778E-11
  0.1393E-11  0.1121E-11  0.7164E-12  0.4863E-12  0.3584E-12
  0.2698E-12  0.2141E-12  0.1711E-12  0.7551E-13  0.4179E-13
  0.2674E-13  0.1839E-13  0.1346E-13  0.1048E-13  0.6317E-14
  0.4387E-14  0.3223E-14  0.1078E-04  0.1067E-04  0.1035E-04
  0.9839E-05  0.9182E-05  0.8385E-05  0.7522E-05  0.5693E-05
  0.3978E-05  0.2272E-05  0.1147E-05  0.5111E-06  0.2013E-06
  0.2171E-07  0.1555E-08  0.1589E-09  0.7316E-10  0.4470E-10
  0.2862E-10  0.2117E-10  0.1525E-10  0.1218E-10  0.9457E-11
  0.7910E-11  0.6429E-11  0.5547E-11  0.4651E-11  0.4102E-11
  0.3518E-11  0.2753E-11  0.2213E-11  0.1414E-11  0.9572E-12
  0.7055E-12  0.5299E-12  0.4208E-12  0.3357E-12  0.1480E-12
  0.8171E-13  0.5228E-13  0.3589E-13  0.2626E-13  0.2049E-13
  0.1224E-13  0.8501E-14  0.6245E-14  0.1780E-04  0.1763E-04
  0.1710E-04  0.1626E-04  0.1518E-04  0.1388E-04  0.1246E-04
  0.9452E-05  0.6626E-05  0.3803E-05  0.1931E-05  0.8670E-06
  0.3444E-06  0.3795E-07  0.2818E-08  0.3115E-09  0.1479E-09
  0.8891E-10  0.5720E-10  0.4226E-10  0.3036E-10  0.2424E-10
  0.1877E-10  0.1571E-10  0.1273E-10  0.1099E-10  0.9193E-11
  0.8117E-11  0.6945E-11  0.5428E-11  0.4359E-11  0.2784E-11
  0.1879E-11  0.1385E-11  0.1038E-11  0.8244E-12  0.6564E-12
  0.2889E-12  0.1591E-12  0.1018E-12  0.6978E-13  0.5101E-13
  0.3992E-13  0.2359E-13  0.1639E-13  0.1204E-13  0.2939E-04
  0.2911E-04  0.2825E-04  0.2687E-04  0.2511E-04  0.2296E-04
  0.2064E-04  0.1569E-04  0.1104E-04  0.6367E-05  0.3252E-05
  0.1471E-05  0.5893E-06  0.6637E-07  0.5119E-08  0.6135E-09
  0.2994E-09  0.1782E-09  0.1146E-09  0.8457E-10  0.6054E-10
  0.4834E-10  0.3731E-10  0.3124E-10  0.2524E-10  0.2181E-10
  0.1819E-10  0.1608E-10  0.1372E-10  0.1071E-10  0.8591E-11
  0.5484E-11  0.3688E-11  0.2719E-11  0.2032E-11  0.1615E-11
  0.1283E-11  0.5638E-12  0.3096E-12  0.1980E-12  0.1354E-12
  0.9892E-13  0.7767E-13  0.4534E-13  0.3149E-13  0.2313E-13
  0.4863E-04  0.4816E-04  0.4675E-04  0.4449E-04  0.4159E-04
  0.3808E-04  0.3425E-04  0.2611E-04  0.1842E-04  0.1068E-04
  0.5490E-05  0.2502E-05  0.1011E-05  0.1165E-06  0.9354E-08
  0.1218E-08  0.6094E-09  0.3601E-09  0.2310E-09  0.1701E-09
  0.1213E-09  0.9686E-10  0.7449E-10  0.6241E-10  0.5027E-10
  0.4348E-10  0.3614E-10  0.3198E-10  0.2721E-10  0.2121E-10
  0.1699E-10  0.1084E-10  0.7260E-11  0.5353E-11  0.3988E-11
  0.3172E-11  0.2514E-11  0.1102E-11  0.6033E-12  0.3858E-12
  0.2632E-12  0.1920E-12  0.1513E-12  0.8708E-13  0.6047E-13
  0.4443E-13  0.8098E-04  0.8020E-04  0.7789E-04  0.7415E-04
  0.6937E-04  0.6356E-04  0.5724E-04  0.4374E-04  0.3097E-04
  0.1805E-04  0.9339E-05  0.4290E-05  0.1750E-05  0.2065E-06
  0.1732E-07  0.2456E-08  0.1257E-08  0.7384E-09  0.4714E-09
  0.3464E-09  0.2462E-09  0.1964E-09  0.1505E-09  0.1261E-09
  0.1012E-09  0.8764E-10  0.7260E-10  0.6432E-10  0.5455E-10
  0.4245E-10  0.3395E-10  0.2164E-10  0.1443E-10  0.1064E-10
  0.7900E-11  0.6285E-11  0.4967E-11  0.2173E-11  0.1185E-11
  0.7571E-12  0.5151E-12  0.3753E-12  0.2971E-12  0.1680E-12
  0.1167E-12  0.8570E-13  0.1365E-03  0.1352E-03  0.1313E-03
  0.1251E-03  0.1171E-03  0.1074E-03  0.9679E-04  0.7418E-04
  0.5271E-04  0.3090E-04  0.1610E-04  0.7456E-05  0.3071E-05
  0.3719E-06  0.3274E-07  0.5068E-08  0.2648E-08  0.1547E-08
  0.9819E-09  0.7197E-09  0.5093E-09  0.4062E-09  0.3099E-09
  0.2598E-09  0.2077E-09  0.1800E-09  0.1485E-09  0.1318E-09
  0.1113E-09  0.8646E-10  0.6904E-10  0.4394E-10  0.2915E-10
  0.2150E-10  0.1590E-10  0.1266E-10  0.9968E-11  0.4348E-11
  0.2359E-11  0.1507E-11  0.1022E-11  0.7430E-12  0.5915E-12
  0.3273E-12  0.2273E-12  0.1670E-12  0.2339E-03  0.2317E-03
  0.2252E-03  0.2146E-03  0.2010E-03  0.1846E-03  0.1666E-03
  0.1280E-03  0.9134E-04  0.5387E-04  0.2828E-04  0.1322E-04
  0.5503E-05  0.6857E-06  0.6368E-07  0.1080E-07  0.5759E-08
  0.3338E-08  0.2105E-08  0.1538E-08  0.1083E-08  0.8634E-09
  0.6556E-09  0.5499E-09  0.4376E-09  0.3796E-09  0.3119E-09
  0.2770E-09  0.2332E-09  0.1806E-09  0.1440E-09  0.9149E-10
  0.6034E-10  0.4449E-10  0.3274E-10  0.2608E-10  0.2046E-10
  0.8893E-11  0.4798E-11  0.3062E-11  0.2067E-11  0.1500E-11
  0.1202E-11  0.6377E-12  0.4495E-12  0.3303E-12  0.4107E-03
  0.4069E-03  0.3956E-03  0.3773E-03  0.3537E-03  0.3251E-03
  0.2938E-03  0.2266E-03  0.1623E-03  0.9639E-04  0.5102E-04
  0.2409E-04  0.1015E-04  0.1306E-05  0.1289E-06  0.2401E-07
  0.1305E-07  0.7496E-08  0.4693E-08  0.3417E-08  0.2395E-08
  0.1906E-08  0.1440E-08  0.1208E-08  0.9569E-09  0.8306E-09
  0.6794E-09  0.6042E-09  0.5062E-09  0.3911E-09  0.3110E-09
  0.1972E-09  0.1292E-09  0.9521E-10  0.6968E-10  0.5553E-10
  0.4337E-10  0.1876E-10  0.1005E-10  0.6409E-11  0.4303E-11
  0.3113E-11  0.2516E-11  0.1439E-11  0.9089E-12  0.6677E-12
  0.7481E-03  0.7413E-03  0.7209E-03  0.6880E-03  0.6456E-03
  0.5941E-03  0.5376E-03  0.4162E-03  0.2996E-03  0.1793E-03
  0.9581E-04  0.4575E-04  0.1954E-04  0.2609E-05  0.2766E-06
  0.5704E-07  0.3153E-07  0.1796E-07  0.1115E-07  0.8082E-08
  0.5633E-08  0.4477E-08  0.3364E-08  0.2821E-08  0.2222E-08
  0.1930E-08  0.1570E-08  0.1398E-08  0.1165E-08  0.8972E-09
  0.7114E-09  0.4499E-09  0.2922E-09  0.2152E-09  0.1564E-09
  0.1247E-09  0.9686E-10  0.4165E-10  0.2211E-10  0.1407E-10
  0.9382E-11  0.6760E-11  0.5525E-11  0.3465E-11  0.1873E-11
  0.1398E-11  0.1432E-02  0.1419E-02  0.1381E-02  0.1319E-02
  0.1239E-02  0.1141E-02  0.1035E-02  0.8046E-03  0.5824E-03
  0.3516E-03  0.1900E-03  0.9192E-04  0.3989E-04  0.5568E-05
  0.6424E-06  0.1475E-06  0.8275E-07  0.4669E-07  0.2874E-07
  0.2072E-07  0.1436E-07  0.1138E-07  0.8502E-08  0.7126E-08
  0.5578E-08  0.4848E-08  0.3920E-08  0.3495E-08  0.2896E-08
  0.2221E-08  0.1755E-08  0.1106E-08  0.7111E-09  0.5232E-09
  0.3772E-09  0.3008E-09  0.2320E-09  0.9895E-10  0.5194E-10
  0.3298E-10  0.2178E-10  0.1560E-10  0.1294E-10  0.8486E-11
  0.4525E-11  0.3064E-11  0.2910E-02  0.2884E-02  0.2808E-02
  0.2685E-02  0.2525E-02  0.2330E-02  0.2117E-02  0.1654E-02
  0.1205E-02  0.7354E-03  0.4024E-03  0.1978E-03  0.8748E-04
  0.1288E-04  0.1641E-05  0.4206E-06  0.2392E-06  0.1336E-06
  0.8155E-07  0.5840E-07  0.4025E-07  0.3182E-07  0.2362E-07
  0.1977E-07  0.1539E-07  0.1337E-07  0.1075E-07  0.9587E-08
  0.7898E-08  0.6030E-08  0.4746E-08  0.2976E-08  0.1893E-08
  0.1390E-08  0.9929E-09  0.7917E-09  0.6059E-09  0.2557E-09
  0.1324E-09  0.8377E-10  0.5463E-10  0.3883E-10  0.3283E-10
  0.2211E-10  0.1184E-10  0.7098E-11  0.6346E-02  0.6292E-02
  0.6129E-02  0.5867E-02  0.5526E-02  0.5110E-02  0.4652E-02
  0.3658E-02  0.2686E-02  0.1659E-02  0.9217E-03  0.4615E-03
  0.2088E-03  0.3278E-04  0.4684E-05  0.1337E-05  0.7691E-06
  0.4250E-06  0.2574E-06  0.1830E-06  0.1256E-06  0.9885E-07
  0.7302E-07  0.6099E-07  0.4721E-07  0.4098E-07  0.3277E-07
  0.2922E-07  0.2395E-07  0.1820E-07  0.1426E-07  0.8892E-08
  0.5591E-08  0.4095E-08  0.2897E-08  0.2308E-08  0.1752E-08
  0.7300E-09  0.3718E-09  0.2342E-09  0.1504E-09  0.1058E-09
  0.9156E-10  0.6287E-10  0.3247E-10  0.1752E-10  0.1496E-01
  0.1483E-01  0.1446E-01  0.1386E-01  0.1307E-01  0.1212E-01
  0.1106E-01  0.8756E-02  0.6488E-02  0.4064E-02  0.2299E-02
  0.1176E-02  0.5468E-03  0.9264E-04  0.1509E-04  0.4793E-05
  0.2787E-05  0.1523E-05  0.9164E-06  0.6462E-06  0.4419E-06
  0.3461E-06  0.2548E-06  0.2121E-06  0.1635E-06  0.1416E-06
  0.1128E-06  0.1004E-06  0.8199E-07  0.6200E-07  0.4840E-07
  0.2995E-07  0.1863E-07  0.1359E-07  0.9527E-08  0.7574E-08
  0.5704E-08  0.2341E-08  0.1171E-08  0.7334E-09  0.4622E-09
  0.3207E-09  0.2854E-09  0.1994E-09  0.9697E-10  0.4622E-10
  0.3856E-01  0.3825E-01  0.3732E-01  0.3582E-01  0.3386E-01
  0.3147E-01  0.2881E-01  0.2300E-01  0.1722E-01  0.1097E-01
  0.6334E-02  0.3325E-02  0.1595E-02  0.2948E-03  0.5468E-04
  0.1890E-04  0.1105E-04  0.5969E-05  0.3579E-05  0.2503E-05
  0.1710E-05  0.1332E-05  0.9789E-06  0.8112E-06  0.6246E-06
  0.5390E-06  0.4286E-06  0.3806E-06  0.3102E-06  0.2336E-06
  0.1817E-06  0.1116E-06  0.6890E-07  0.5000E-07  0.3482E-07
  0.2759E-07  0.2066E-07  0.8351E-08  0.4115E-08  0.2557E-08
  0.1582E-08  0.1080E-08  0.9882E-09  0.7004E-09  0.3192E-09
  0.1320E-09  0.1122E+00  0.1113E+00  0.1087E+00  0.1045E+00
  0.9904E-01  0.9234E-01  0.8484E-01  0.6835E-01  0.5181E-01
  0.3364E-01  0.1990E-01  0.1076E-01  0.5348E-02  0.1088E-02
  0.2274E-03  0.8326E-04  0.4870E-04  0.2596E-04  0.1554E-04
  0.1078E-04  0.7371E-05  0.5703E-05  0.4197E-05  0.3458E-05
  0.2666E-05  0.2289E-05  0.1822E-05  0.1611E-05  0.1314E-05
  0.9868E-06  0.7655E-06  0.4661E-06  0.2867E-06  0.2068E-06
  0.1436E-06  0.1132E-06  0.8458E-07  0.3368E-07  0.1641E-07
  0.1011E-07  0.6149E-08  0.4131E-08  0.3869E-08  0.2774E-08
  0.1190E-08  0.4201E-09  0.3729E+00  0.3701E+00  0.3619E+00
  0.3487E+00  0.3311E+00  0.3098E+00  0.2857E+00  0.2326E+00
  0.1786E+00  0.1184E+00  0.7192E-01  0.4012E-01  0.2070E-01
  0.4627E-02  0.1071E-02  0.4061E-03  0.2363E-03  0.1243E-03
  0.7435E-04  0.5115E-04  0.3507E-04  0.2694E-04  0.1989E-04
  0.1628E-04  0.1259E-04  0.1075E-04  0.8583E-05  0.7545E-05
  0.6175E-05  0.4626E-05  0.3581E-05  0.2162E-05  0.1330E-05
  0.9522E-06  0.6610E-06  0.5182E-06  0.3873E-06  0.1521E-06
  0.7363E-07  0.4497E-07  0.2697E-07  0.1782E-07  0.1699E-07
  0.1228E-07  0.5008E-08  0.1507E-08  0.1419E+01  0.1409E+01
  0.1380E+01  0.1332E+01  0.1268E+01  0.1191E+01  0.1103E+01
  0.9071E+00  0.7064E+00  0.4787E+00  0.2986E+00  0.1720E+00
  0.9216E-01  0.2254E-01  0.5654E-02  0.2178E-02  0.1253E-02
  0.6490E-03  0.3883E-03  0.2650E-03  0.1824E-03  0.1391E-03
  0.1031E-03  0.8386E-04  0.6512E-04  0.5523E-04  0.4430E-04
  0.3870E-04  0.3181E-04  0.2380E-04  0.1840E-04  0.1102E-04
  0.6789E-05  0.4827E-05  0.3359E-05  0.2616E-05  0.1961E-05
  0.7610E-06  0.3673E-06  0.2224E-06  0.1319E-06  0.8586E-07
  0.8281E-07  0.6015E-07  0.2361E-07  0.6141E-08  0.5970E+01
  0.5930E+01  0.5812E+01  0.5622E+01  0.5367E+01  0.5056E+01
  0.4702E+01  0.3910E+01  0.3087E+01  0.2137E+01  0.1369E+01
  0.8136E+00  0.4517E+00  0.1197E+00  0.3189E-01  0.1221E-01
  0.6894E-02  0.3510E-02  0.2100E-02  0.1423E-02  0.9828E-03
  0.7450E-03  0.5545E-03  0.4483E-03  0.3497E-03  0.2948E-03
  0.2376E-03  0.2063E-03  0.1704E-03  0.1274E-03  0.9839E-04
  0.5852E-04  0.3617E-04  0.2555E-04  0.1784E-04  0.1381E-04
  0.1039E-04  0.3995E-05  0.1929E-05  0.1160E-05  0.6828E-06
  0.4388E-06  0.4251E-06  0.3092E-06  0.1185E-06  0.2774E-07
  0.2622E+02  0.2606E+02  0.2557E+02  0.2477E+02  0.2371E+02
  0.2241E+02  0.2092E+02  0.1756E+02  0.1404E+02  0.9910E+01
  0.6498E+01  0.3970E+01  0.2273E+01  0.6437E+00  0.1795E+00
  0.6804E-01  0.3758E-01  0.1880E-01  0.1125E-01  0.7578E-02
  0.5248E-02  0.3957E-02  0.2957E-02  0.2378E-02  0.1863E-02
  0.1562E-02  0.1265E-02  0.1093E-02  0.9065E-03  0.6770E-03
  0.5228E-03  0.3091E-03  0.1918E-03  0.1347E-03  0.9443E-04
  0.7272E-04  0.5493E-04  0.2097E-04  0.1014E-04  0.6062E-05
  0.3553E-05  0.2262E-05  0.2191E-05  0.1592E-05  0.6026E-06
  0.1324E-06  0.1088E+03  0.1082E+03  0.1062E+03  0.1031E+03
  0.9889E+02  0.9372E+02  0.8779E+02  0.7435E+02  0.6009E+02
  0.4315E+02  0.2888E+02  0.1807E+02  0.1062E+02  0.3166E+01
  0.9071E+00  0.3363E+00  0.1807E+00  0.8897E-01  0.5321E-01
  0.3573E-01  0.2480E-01  0.1864E-01  0.1396E-01  0.1119E-01
  0.8793E-02  0.7350E-02  0.5967E-02  0.5139E-02  0.4277E-02
  0.3193E-02  0.2466E-02  0.1453E-02  0.9040E-03  0.6328E-03
  0.4449E-03  0.3415E-03  0.2587E-03  0.9839E-04  0.4771E-04
  0.2841E-04  0.1663E-04  0.1053E-04  0.1018E-04  0.7384E-05
  0.2789E-05  0.6060E-06  0.3805E+03  0.3783E+03  0.3719E+03
  0.3615E+03  0.3475E+03  0.3302E+03  0.3103E+03  0.2651E+03
  0.2165E+03  0.1581E+03  0.1080E+03  0.6908E+02  0.4160E+02
  0.1301E+02  0.3776E+01  0.1315E+01  0.6513E+00  0.3053E+00
  0.1828E+00  0.1231E+00  0.8555E-01  0.6440E-01  0.4825E-01
  0.3873E-01  0.3042E-01  0.2546E-01  0.2066E-01  0.1782E-01
  0.1482E-01  0.1107E-01  0.8551E-02  0.5048E-02  0.3141E-02
  0.2203E-02  0.1548E-02  0.1190E-02  0.9013E-03  0.3439E-03
  0.1670E-03  0.9969E-04  0.5850E-04  0.3719E-04  0.3609E-04
  0.2627E-04  0.1004E-04  0.2318E-05  0.1094E+04  0.1088E+04
  0.1071E+04  0.1043E+04  0.1004E+04  0.9571E+03  0.9027E+03
  0.7774E+03  0.6418E+03  0.4759E+03  0.3306E+03  0.2154E+03
  0.1320E+03  0.4231E+02  0.1242E+02  0.4369E+01  0.1987E+01
  0.3579E+00  0.2476E-01  0.1093E-01  0.6781E-02  0.1054E-01
  0.6348E-02  0.8069E-02  0.4997E-02  0.6065E-02  0.3889E-02
  0.4638E-02  0.3071E-02  0.2470E-02  0.2014E-02  0.1646E-02
  0.9147E-03  0.8279E-03  0.5185E-03  0.4919E-03  0.3301E-03
  0.1692E-03  0.8279E-04  0.5944E-04  0.3977E-04  0.3076E-04
  0.3422E-04  0.2737E-04  0.1363E-04  0.6701E-05  0.2735E+04
  0.2722E+04  0.2684E+04  0.2620E+04  0.2535E+04  0.2429E+04
  0.2306E+04  0.2020E+04  0.1705E+04  0.1308E+04  0.9476E+03
  0.6481E+03  0.4188E+03  0.1483E+03  0.4372E+02  0.1332E+02
  0.7263E+01  0.6110E+01  0.2897E+01  0.5333E+00 -0.5119E-01
 -0.5698E-01 -0.5100E-01 -0.2640E-01 -0.2717E-01 -0.1359E-01
 -0.1616E-01 -0.7688E-02 -0.1035E-01 -0.7006E-02 -0.5001E-02
 -0.8635E-03 -0.1189E-02  0.3572E-04 -0.3439E-03  0.1753E-03
 -0.1085E-03  0.1383E-03  0.5408E-04  0.7597E-04  0.5537E-04
  0.5262E-04  0.9639E-04  0.9176E-04  0.4347E-04  0.1944E-04
  0.6155E+04  0.6130E+04  0.6061E+04  0.5946E+04  0.5791E+04
  0.5596E+04  0.5369E+04  0.4834E+04  0.4228E+04  0.3440E+04
  0.2689E+04  0.2024E+04  0.1473E+04  0.7220E+03  0.3360E+03
  0.1615E+03  0.8804E+02  0.4427E+02  0.3366E+02  0.2778E+02
  0.2077E+02  0.1463E+02  0.9460E+01  0.6211E+01  0.4567E+01
  0.3721E+01  0.3049E+01  0.2588E+01  0.2176E+01  0.1619E+01
  0.1246E+01  0.7197E+00  0.4500E+00  0.3093E+00  0.2188E+00
  0.1651E+00  0.1260E+00  0.4640E-01  0.2234E-01  0.1297E-01
  0.7330E-02  0.4399E-02  0.4356E-02  0.3183E-02  0.1046E-02
  0.4951E-04  0.1145E+05  0.1141E+05  0.1131E+05  0.1114E+05
  0.1092E+05  0.1063E+05  0.1029E+05  0.9488E+04  0.8561E+04
  0.7319E+04  0.6086E+04  0.4939E+04  0.3930E+04  0.2392E+04
  0.1432E+04  0.8734E+03  0.5555E+03  0.2692E+03  0.1642E+03
  0.1140E+03  0.8207E+02  0.6363E+02  0.5345E+02  0.4571E+02
  0.3644E+02  0.2849E+02  0.2268E+02  0.1894E+02  0.1598E+02
  0.1187E+02  0.9132E+01  0.5239E+01  0.3289E+01  0.2245E+01
  0.1596E+01  0.1196E+01  0.9180E+00  0.3351E+00  0.1618E+00
  0.9317E-01  0.5264E-01  0.3139E-01  0.2981E-01  0.2120E-01
  0.6800E-02  0.1091E-03  0.1842E+05  0.1838E+05  0.1825E+05
  0.1803E+05  0.1774E+05  0.1736E+05  0.1693E+05  0.1587E+05
  0.1463E+05  0.1294E+05  0.1121E+05  0.9546E+04  0.8017E+04
  0.5508E+04  0.3739E+04  0.2549E+04  0.1763E+04  0.9160E+03
  0.5423E+03  0.3552E+03  0.2473E+03  0.1852E+03  0.1490E+03
  0.1253E+03  0.1066E+03  0.9373E+02  0.8049E+02  0.6812E+02
  0.5686E+02  0.4148E+02  0.3187E+02  0.1825E+02  0.1147E+02
  0.7815E+01  0.5563E+01  0.4162E+01  0.3199E+01  0.1165E+01
  0.5631E+00  0.3235E+00  0.1830E+00  0.1091E+00  0.1018E+00
  0.7160E-01  0.2284E-01  0.1996E-03  0.2727E+05  0.2722E+05
  0.2706E+05  0.2680E+05  0.2644E+05  0.2599E+05  0.2546E+05
  0.2416E+05  0.2262E+05  0.2049E+05  0.1825E+05  0.1604E+05
  0.1395E+05  0.1034E+05  0.7565E+04  0.5512E+04  0.4023E+04
  0.2234E+04  0.1349E+04  0.8783E+03  0.6064E+03  0.4440E+03
  0.3421E+03  0.2758E+03  0.2304E+03  0.2011E+03  0.1737E+03
  0.1515E+03  0.1342E+03  0.1042E+03  0.7989E+02  0.4569E+02
  0.2874E+02  0.1956E+02  0.1393E+02  0.1042E+02  0.8013E+01
  0.2915E+01  0.1410E+01  0.8090E+00  0.4581E+00  0.2733E+00
  0.2524E+00  0.1762E+00  0.5611E-01  0.3298E-03  0.3816E+05
  0.3810E+05  0.3792E+05  0.3761E+05  0.3719E+05  0.3666E+05
  0.3604E+05  0.3451E+05  0.3268E+05  0.3010E+05  0.2736E+05
  0.2460E+05  0.2192E+05  0.1711E+05  0.1317E+05  0.1004E+05
  0.7623E+04  0.4484E+04  0.2787E+04  0.1833E+04  0.1269E+04
  0.9245E+03  0.7018E+03  0.5529E+03  0.4471E+03  0.3745E+03
  0.3170E+03  0.2783E+03  0.2550E+03  0.2128E+03  0.1668E+03
  0.9541E+02  0.6004E+02  0.4083E+02  0.2910E+02  0.2174E+02
  0.1674E+02  0.6085E+01  0.2943E+01  0.1688E+01  0.9569E+00
  0.5713E+00  0.5236E+00  0.3637E+00  0.1157E+00  0.5107E-03
