 FE1 4780.450  3.000   -4.310    7.500    0.350E-30   0.100E+09   0.000E+00  1.0    0.0
 FE1 4780.540  3.000   -4.480    7.500    0.350E-30   0.100E+09   0.000E+00  1.0    0.0
 FE1 4780.810  3.250   -3.360    7.500    0.306E-31   0.100E+09   0.000E+00  1.0    0.0
 FE1 4781.010  3.000   -4.220    7.500    0.350E-30   0.100E+09   0.000E+00  1.0    0.0
 FE1 4781.320  3.000   -4.200    7.500    0.350E-30   0.100E+09   0.000E+00  1.0    0.0
 CO1 4781.450  1.880   -2.150    4.920    0.417E-31   0.967E+08   0.000E+00  1.0    0.0
 TI1 4781.720  0.850   -1.960    5.020    0.435E-31   0.967E+08   0.000E+00  1.0    0.0
 FE2 4781.750  3.000   -4.320    7.500    0.350E-31   0.100E+09   0.000E+00  1.0    0.0
 FE1 4781.900  3.000  -15.000    7.500    0.300E-31   0.966E+08   0.000E+00  1.0    0.0
 FE1 4782.000  3.000   -3.600    7.500    0.340E-30   0.966E+08   0.000E+00  2.5    0.0
 FE2 4782.000  3.000   -4.550    7.500    0.340E-30   0.966E+08   0.000E+00  2.5    0.0
 FE1 4782.200  3.000   -4.600    7.500    0.340E-30   0.966E+08   0.000E+00  2.5    0.0
 FE1 4782.500  3.000   -4.700    7.500    0.340E-30   0.966E+08   0.000E+00  2.5    0.0
 CO1 4782.500  0.920   -4.070    4.920    0.178E-31   0.966E+08   0.000E+00  1.0    0.0
 FE1 4782.800  3.240   -3.680    7.500    0.175E-31   0.966E+08   0.000E+00  2.5    0.0
 SI1 4782.900  4.950   -1.770    7.550    0.610E-29   0.966E+08   0.000E+00  2.5    0.0
 FE1 4783.100  3.000   -4.800    7.500    0.340E-30   0.966E+08   0.000E+00  2.5    0.0
 TI1 4783.300  0.820   -2.820    5.020    0.423E-31   0.966E+08   0.000E+00  1.0    0.0
 MN1 4783.400  2.300    0.042    5.390    0.600E-30   0.966E+08   0.000E+00  2.5    0.0
 FE1 4783.600  3.000   -4.800    7.500    0.340E-30   0.966E+08   0.000E+00  2.5    0.0
 FE1 4783.800  3.000   -4.000    7.500    0.340E-30   0.966E+08   0.000E+00  2.5    0.0
 FE2 4783.800  3.000   -4.850    7.500    0.340E-30   0.966E+08   0.000E+00  2.5    0.0
 FE1 4784.000  3.000   -3.250    7.500    0.340E-30   0.966E+08   0.000E+00  2.5    0.0
 FE2 4784.000  3.000   -4.120    7.500    0.340E-30   0.966E+08   0.000E+00  2.5    0.0
 SR1 4784.300  1.800   -0.200    2.900    0.120E-29   0.966E+08   0.000E+00  2.5    0.0
  V1 4784.400  0.020   -2.670    4.000    0.160E-29   0.965E+08   0.000E+00  2.5    0.0
 FE1 4784.700  3.000   -4.490    7.500    0.340E-30   0.965E+08   0.000E+00  2.5    0.0
 ZR1 4784.900  0.690   -0.700    2.600    0.120E-30   0.965E+08   0.000E+00  2.5    0.0
 CO1 4785.000  3.950   -0.850    4.920    0.120E-29   0.965E+08   0.000E+00  2.5    0.0
 FE1 4785.000  3.000   -4.800    7.500    0.340E-30   0.965E+08   0.000E+00  2.5    0.0
 FE1 4785.300  3.000   -4.800    7.500    0.340E-30   0.965E+08   0.000E+00  2.5    0.0
 FE1 4785.600  3.000   -3.800    7.500    0.340E-30   0.965E+08   0.000E+00  2.5    0.0
 FE2 4785.600  3.000   -4.300    7.500    0.340E-30   0.965E+08   0.000E+00  2.5    0.0
 FE1 4785.900  4.140   -1.930    7.500    0.150E-29   0.965E+08   0.000E+00  2.5    0.0
 FE1 4786.100  3.000   -4.490    7.500    0.340E-30   0.965E+08   0.000E+00  2.5    0.0
 NI1 4786.200  1.680   -3.120    6.250    0.169E-31   0.965E+08   0.000E+00  2.5    0.0
 NI1 4786.500  3.420   -0.170    6.250    0.254E-30   0.965E+08   0.000E+00  2.5    0.0
  V1 4786.500  2.070    0.110    4.000    0.220E-30   0.965E+08   0.000E+00  2.5    0.0
 FE1 4786.800  3.020   -1.590    7.500    0.135E-31   0.964E+08   0.000E+00  2.5    0.0
 FE1 4787.100  3.000   -4.490    7.500    0.340E-30   0.964E+08   0.000E+00  2.5    0.0
 FE1 4787.500  3.020   -4.400    7.500    0.350E-30   0.964E+08   0.000E+00  2.5    0.0
 TI1 4787.600  3.000   -3.000    5.020    0.140E-29   0.964E+08   0.000E+00  2.5    0.0
 FE1 4787.800  3.000   -2.770    7.500    0.382E-30   0.964E+08   0.000E+00  2.5    0.0
 FE2 4787.800  3.000   -3.500    7.500    0.382E-30   0.964E+08   0.000E+00  2.5    0.0
 FE1 4787.900  3.000   -4.490    7.500    0.382E-30   0.964E+08   0.000E+00  2.5    0.0
 FE1 4788.200  3.000   -4.490    7.500    0.340E-30   0.964E+08   0.000E+00  2.5    0.0
 FE1 4788.500  3.000   -4.890    7.500    0.340E-30   0.964E+08   0.000E+00  2.5    0.0
 FE1 4788.700  3.240   -1.810    7.500    0.175E-31   0.964E+08   0.000E+00  2.5    0.0
 FE1 4788.900  3.000   -4.740    7.500    0.340E-30   0.964E+08   0.000E+00  2.5    0.0
 FE1 4789.100  3.000   -4.700    7.500    0.340E-30   0.964E+08   0.000E+00  2.5    0.0
 CR1 4789.300  2.540   -0.366    5.670    0.555E-31   0.963E+08   0.000E+00  2.5    0.0
 FE1 4789.400  3.000   -4.490    7.500    0.340E-30   0.963E+08   0.000E+00  2.5    0.0
 FE1 4789.600  3.550   -0.910    7.500    0.700E-31   0.963E+08   0.000E+00  2.5    0.0
 TI1 4789.700  0.840   -2.860    5.020    0.429E-31   0.963E+08   0.000E+00  2.5    0.0
 FE1 4789.900  3.000   -4.490    7.500    0.340E-30   0.963E+08   0.000E+00  2.5    0.0
 CR1 4790.300  2.540   -1.800    5.670    0.750E-30   0.963E+08   0.000E+00  2.5    0.0
 CR1 4790.300  2.540   -1.800    5.670    0.750E-30   0.963E+08   0.000E+00  2.5    0.0
 FE1 4790.500  4.150   -2.640    7.500    0.640E-30   0.963E+08   0.000E+00  2.5    0.0
 FE1 4790.700  3.250   -3.240    7.500    0.164E-31   0.963E+08   0.000E+00  2.5    0.0
 NI1 4790.900  1.950   -3.400    6.250    0.208E-31   0.963E+08   0.000E+00  2.5    0.0
 FE1 4791.100  3.000   -3.200    7.500    0.340E-30   0.963E+08   0.000E+00  2.5    0.0
 FE2 4791.100  3.000   -4.100    7.500    0.340E-30   0.963E+08   0.000E+00  2.5    0.0
 FE1 4791.200  3.270   -2.510    7.500    0.312E-31   0.963E+08   0.000E+00  2.5    0.0
 SC1 4791.500  0.020   -2.330    3.170    0.235E-31   0.963E+08   0.000E+00  2.5    0.0
 LA2 4791.500  0.100   -1.700    1.220    0.560E-31   0.963E+08   0.000E+00  2.5    0.0
 FE1 4791.800  3.000   -4.800    7.500    0.340E-30   0.962E+08   0.000E+00  2.5    0.0
 SI1 4792.200  4.930   -2.120    7.550    0.560E-30   0.962E+08   0.000E+00  2.5    0.0
 TI1 4792.200  0.810   -5.800    5.020    0.130E-30   0.962E+08   0.000E+00  2.5    0.0
 SI1 4792.300  4.950   -1.540    7.550    0.600E-30   0.962E+08   0.000E+00  2.5    0.0
 CR1 4792.500  3.110   -0.350    5.670    0.452E-31   0.962E+08   0.000E+00  2.5    0.0
 TI1 4792.500  2.330   -0.350    5.020    0.530E-30   0.962E+08   0.000E+00  2.5    0.0
 CO1 4792.800  3.250    0.050    4.920    0.460E-30   0.962E+08   0.000E+00  2.5    0.0
 FE1 4793.100  3.000   -4.800    7.500    0.340E-30   0.962E+08   0.000E+00  2.5    0.0
 FE1 4793.300  3.000   -4.800    7.500    0.340E-30   0.962E+08   0.000E+00  2.5    0.0
 NI1 4793.400  3.700   -2.190    6.250    0.322E-30   0.962E+08   0.000E+00  2.5    0.0
 FE1 4793.700  3.000   -4.490    7.500    0.340E-30   0.962E+08   0.000E+00  2.5    0.0
 FE1 4793.900  3.050   -3.530    7.500    0.175E-31   0.962E+08   0.000E+00  2.5    0.0
 FE1 4794.300  2.420   -4.050    7.500    0.749E-31   0.961E+08   0.000E+00  2.5    0.0
 FE1 4794.600  3.000   -4.600    7.500    0.340E-30   0.961E+08   0.000E+00  2.5    0.0
 TI2 4794.800  1.130   -4.040    5.020    0.360E-31   0.961E+08   0.000E+00  2.5    0.0
 CO1 4795.800  3.950   -0.470    4.920    0.120E-29   0.961E+08   0.000E+00  2.5    0.0
 FE1 4796.000  3.000   -4.250    7.500    0.340E-30   0.961E+08   0.000E+00  2.5    0.0
 CR1 4796.100  4.190   -0.310    5.670    0.100E-30   0.961E+08   0.000E+00  2.5    0.0
 TI1 4796.100  2.330   -0.150    5.020    0.520E-30   0.961E+08   0.000E+00  2.5    0.0
 CO1 4796.300  0.430   -4.300    4.920    0.570E-31   0.961E+08   0.000E+00  2.5    0.0
 FE1 4786.500  3.000   -3.000    7.500    0.340E-30   0.965E+08   0.000E+00  2.5    0.0
 FE1 4796.600  3.000   -4.250    7.500    0.340E-30   0.961E+08   0.000E+00  2.5    0.0
  V1 4796.900  2.100    0.220    4.000    0.450E-30   0.960E+08   0.000E+00  2.5    0.0
 FE1 4797.000  3.000   -3.890    7.500    0.340E-30   0.960E+08   0.000E+00  2.5    0.0
 FE2 4797.000  3.000   -4.700    7.500    0.340E-30   0.960E+08   0.000E+00  2.5    0.0
 FE1 4797.100  3.000   -4.300    7.500    0.340E-30   0.960E+08   0.000E+00  2.5    0.0
 FE2 4797.100  3.000   -4.950    7.500    0.340E-30   0.960E+08   0.000E+00  2.5    0.0
 FE1 4797.300  3.000   -4.700    7.500    0.340E-30   0.960E+08   0.000E+00  2.5    0.0
 FE1 4797.600  3.000   -4.000    7.500    0.340E-30   0.960E+08   0.000E+00  2.5    0.0
 FE2 4797.600  3.000   -4.830    7.500    0.340E-30   0.960E+08   0.000E+00  2.5    0.0
 CR1 4797.700  3.560   -1.500    5.670    0.237E-31   0.960E+08   0.000E+00  2.5    0.0
 TI1 4797.900  2.330   -0.640    5.020    0.520E-30   0.960E+08   0.000E+00  2.5    0.0
 FE1 4798.100  3.000   -4.490    7.500    0.340E-30   0.960E+08   0.000E+00  2.5    0.0
 FE1 4798.200  4.190   -1.550    7.500    0.170E-29   0.960E+08   0.000E+00  2.5    0.0
 TI2 4798.500  1.080   -2.430    5.020    0.350E-31   0.960E+08   0.000E+00  2.5    0.0
 FE1 4798.700  1.610   -4.250    7.500    0.281E-31   0.960E+08   0.000E+00  2.5    0.0
 FE1 4799.000  4.280   -2.770    7.500    0.920E-30   0.960E+08   0.000E+00  2.5    0.0
 FE1 4799.200  3.000   -5.000    7.500    0.340E-30   0.960E+08   0.000E+00  2.5    0.0
 FE1 4799.400  3.640   -2.230    7.500    0.468E-31   0.959E+08   0.000E+00  2.5    0.0
 FE1 4799.500  3.000   -4.700    7.500    0.340E-30   0.959E+08   0.000E+00  2.5    0.0
  V1 4799.700  0.000   -2.580    4.000    0.840E-31   0.959E+08   0.000E+00  2.5    0.0
 TI1 4799.700  2.270    0.110    5.020    0.490E-30   0.959E+08   0.000E+00  2.5    0.0
 FE1 4799.800  3.000   -3.150    7.500    0.340E-30   0.959E+08   0.000E+00  2.5    0.0
 FE2 4799.800  3.000   -4.180    7.500    0.340E-30   0.959E+08   0.000E+00  2.5    0.0
 FE1 4800.000  3.000   -5.000    7.500    0.340E-30   0.959E+08   0.000E+00  2.5    0.0
 FE1 4800.100  3.040   -2.740    7.500    0.404E-30   0.959E+08   0.000E+00  2.5    0.0
 FE1 4800.300  3.000   -4.800    7.500    0.340E-30   0.959E+08   0.000E+00  2.5    0.0
 FE1 4800.500  3.300   -3.400    7.500    0.470E-30   0.959E+08   0.000E+00  2.5    0.0
 FE1 4800.600  4.140   -1.260    7.500    0.150E-29   0.959E+08   0.000E+00  2.5    0.0
 FE1 4800.800  3.000   -4.800    7.500    0.340E-30   0.959E+08   0.000E+00  2.5    0.0
 CR1 4801.000  3.120   -0.131    5.670    0.452E-31   0.959E+08   0.000E+00  2.5    0.0
 FE1 4801.200  3.000   -4.800    7.500    0.340E-30   0.959E+08   0.000E+00  2.5    0.0
 FE1 4801.600  4.280   -2.650    7.500    0.896E-30   0.959E+08   0.000E+00  2.5    0.0
 TI1 4801.900  0.830   -3.300    5.020    0.140E-30   0.958E+08   0.000E+00  2.5    0.0
 TI1 4801.900  0.820   -3.300    5.020    0.140E-30   0.958E+08   0.000E+00  2.5    0.0
 FE1 4802.300  3.000   -5.000    7.500    0.340E-30   0.958E+08   0.000E+00  2.5    0.0
 FE1 4802.500  4.610   -1.820    7.500    0.211E-30   0.958E+08   0.000E+00  2.5    0.0
 FE1 4802.600  3.000   -4.800    7.500    0.340E-30   0.958E+08   0.000E+00  2.5    0.0
 FE1 4802.800  3.640   -1.450    7.500    0.100E-29   0.958E+08   0.000E+00  2.5    0.0
 FE1 4802.800  3.690   -1.920    7.500    0.750E-29   0.958E+08   0.000E+00  2.5    0.0
 FE1 4803.000  3.000   -4.800    7.500    0.340E-30   0.958E+08   0.000E+00  2.5    0.0
 FE1 4803.300  3.000   -4.700    7.500    0.340E-30   0.958E+08   0.000E+00  2.5    0.0
 FE1 4803.600  3.000   -4.700    7.500    0.340E-30   0.958E+08   0.000E+00  2.5    0.0
 FE1 4803.600  3.000   -4.700    7.500    0.340E-30   0.958E+08   0.000E+00  2.5    0.0
 FE2 4804.000  3.000   -4.800    7.500    0.340E-30   0.958E+08   0.000E+00  2.5    0.0
 FE1 4804.100  3.000   -4.490    7.500    0.340E-30   0.958E+08   0.000E+00  2.5    0.0
 LA2 4804.081  0.235   -2.539    1.220    0.300E-31   0.958E+08   0.000E+00  0.5    0.0
 LA2 4804.079  0.235   -2.284    1.220    0.300E-31   0.958E+08   0.000E+00  0.5    0.0
 LA2 4804.050  0.235   -2.284    1.220    0.300E-31   0.958E+08   0.000E+00  0.5    0.0
 LA2 4804.048  0.235   -3.465    1.220    0.300E-31   0.958E+08   0.000E+00  0.5    0.0
 LA2 4804.045  0.235   -2.280    1.220    0.300E-31   0.958E+08   0.000E+00  0.5    0.0
 LA2 4804.009  0.235   -2.280    1.220    0.300E-31   0.958E+08   0.000E+00  0.5    0.0
 LA2 4804.007  0.235   -2.084    1.220    0.300E-31   0.958E+08   0.000E+00  0.5    0.0
 FE1 4804.200  3.000   -4.700    7.500    0.340E-30   0.958E+08   0.000E+00  2.5    0.0
 ZR2 4804.300  1.210   -2.050    2.600    0.420E-31   0.957E+08   0.000E+00  2.5    0.0
 FE1 4804.500  3.570   -2.590    7.500    0.317E-31   0.957E+08   0.000E+00  2.5    0.0
 FE2 4804.500  3.000   -4.200    7.500    0.640E-30   0.957E+08   0.000E+00  2.5    0.0
 CR1 4804.600  2.710   -2.200    5.670    0.940E-30   0.957E+08   0.000E+00  2.5    0.0
 FE1 4804.800  3.000   -4.600    7.500    0.300E-30   0.957E+08   0.000E+00  2.5    0.0
 FE2 4804.900  3.000   -3.750    7.500    0.340E-30   0.957E+08   0.000E+00  2.5    0.0
 FE1 4805.000  3.000   -3.200    7.500    0.300E-29   0.957E+08   0.000E+00  2.5    0.0
 TI2 4805.000  2.060   -1.100    5.020    0.100E-29   0.957E+08   0.000E+00  2.5    0.0
 CR1 4805.200  4.170   -0.820    5.670    0.240E-30   0.957E+08   0.000E+00  2.5    0.0
 TI1 4805.400  2.340    0.150    5.020    0.530E-30   0.957E+08   0.000E+00  2.5    0.0
 SI1 4805.400  4.920   -2.200    7.550    0.300E-31   0.957E+08   0.000E+00  1.0    0.0
 MO1 4805.496  2.680   -1.725    1.920    0.300E-30   0.957E+08   0.000E+00  0.5    0.0
 FE1 4805.525  4.638   -2.717    7.500    0.300E-30   0.957E+08   0.000E+00  0.5    0.0
 MO1 4805.578  2.276   -1.729    1.920    0.300E-30   0.957E+08   0.000E+00  0.5    0.0
 CO2 4805.584  3.430   -4.383    4.920    0.300E-30   0.957E+08   0.000E+00  0.5    0.0
 CE2 4805.644  3.750   -1.180    1.550    0.300E-30   0.957E+08   0.000E+00  0.5    0.0
 MN1 4805.690  3.134   -3.933    5.390    0.300E-30   0.957E+08   0.000E+00  0.5    0.0
 CO1 4805.727  4.175   -3.624    4.920    0.300E-30   0.957E+08   0.000E+00  0.5    0.0
 GD2 4805.819  1.060   -1.420    1.120    0.300E-30   0.957E+08   0.000E+00  0.5    0.0
 ZR1 4805.889  0.687   -0.420    2.600    0.120E-30   0.957E+08   0.000E+00  0.5    0.0
 CE1 4805.929  0.172   -0.656    1.550    0.300E-30   0.957E+08   0.000E+00  0.5    0.0
 CR1 4805.960  4.207   -0.790    5.670    0.300E-30   0.957E+08   0.000E+00  0.5    0.0
  V1 4806.012  3.087   -2.055    4.000    0.300E-30   0.957E+08   0.000E+00  0.5    0.0
 CE2 4806.114  3.144   -2.740    1.550    0.300E-30   0.957E+08   0.000E+00  0.5    0.0
 MN1 4806.224  4.425   -2.762    5.390    0.300E-30   0.957E+08   0.000E+00  0.5    0.0
 GD2 4806.164  1.659   -1.170    1.120    0.300E-30   0.957E+08   0.000E+00  0.5    0.0
 CE2 4806.203  1.274   -0.920    1.550    0.300E-30   0.957E+08   0.000E+00  0.5    0.0
 MN1 4806.224  4.794   -4.120    5.390    0.300E-30   0.957E+08   0.000E+00  0.5    0.0
 CR1 4806.251  2.709   -1.870    5.670    0.300E-30   0.957E+08   0.000E+00  0.5    0.0
 TI2 4806.321  1.084   -3.380    5.020    0.300E-30   0.957E+08   0.000E+00  0.5    0.0
 MO1 4806.352  4.204   -0.917    1.920    0.300E-30   0.957E+08   0.000E+00  0.5    0.0
 CE2 4806.514  2.129   -0.240    1.550    0.300E-30   0.957E+08   0.000E+00  0.5    0.0
 ND1 4806.615  0.140   -0.496    1.500    0.300E-30   0.957E+08   0.000E+00  0.5    0.0
 ZR1 4806.654  1.582   -1.020    2.600    0.300E-30   0.957E+08   0.000E+00  0.5    0.0
 TI1 4806.759  0.813   -3.113    5.020    0.300E-30   0.957E+08   0.000E+00  0.5    0.0
 NI1 4806.900  3.680   -0.640    6.250    0.310E-30   0.956E+08   0.000E+00  2.5    0.0
 FE1 4807.200  3.300   -3.300    7.500    0.460E-30   0.956E+08   0.000E+00  2.5    0.0
 FE1 4807.200  4.260   -2.890    7.500    0.190E-29   0.956E+08   0.000E+00  2.5    0.0
 FE1 4807.400  3.000   -4.850    7.500    0.340E-30   0.956E+08   0.000E+00  2.5    0.0
  V1 4807.500  2.120    0.380    4.000    0.450E-30   0.956E+08   0.000E+00  2.5    0.0
 FE1 4807.700  3.370   -2.200    7.500    0.491E-30   0.956E+08   0.000E+00  2.5    0.0
 FE1 4807.900  3.000   -4.700    7.500    0.340E-30   0.956E+08   0.000E+00  2.5    0.0
 FE1 4808.000  3.000   -4.700    7.500    0.300E-31   0.956E+08   0.000E+00  2.5    0.0
 FE1 4808.100  3.250   -2.790    7.500    0.304E-31   0.956E+08   0.000E+00  2.5    0.0
 TI1 4808.500  3.060    0.900    5.020    0.150E-29   0.956E+08   0.000E+00  2.5    0.0
 FE1 4808.600  3.000   -2.450    7.500    0.340E-30   0.956E+08   0.000E+00  2.5    0.0
 NI1 4808.800  3.700   -1.410    6.250    0.373E-30   0.956E+08   0.000E+00  2.5    0.0
 LA2 4808.996  0.235   -1.400    1.220    0.580E-31   0.956E+08   0.000E+00  2.5    0.0
 FE1 4809.100  3.690   -2.400    7.500    0.750E-30   0.956E+08   0.000E+00  2.5    0.0
 FE1 4809.200  4.070   -2.340    7.500    0.130E-29   0.956E+08   0.000E+00  2.5    0.0
 CR1 4809.200  3.550   -1.800    5.670    0.560E-29   0.956E+08   0.000E+00  2.5    0.0
 ZR1 4809.400  1.580    0.260    2.600    0.240E-30   0.955E+08   0.000E+00  2.5    0.0
 FE1 4809.600  3.000   -4.700    7.500    0.340E-30   0.955E+08   0.000E+00  2.5    0.0
 FE2 4809.600  3.000   -4.950    7.500    0.340E-30   0.955E+08   0.000E+00  2.5    0.0
 FE1 4809.900  3.570   -2.720    7.500    0.314E-31   0.955E+08   0.000E+00  2.5    0.0
 CR1 4810.200  4.530   -2.566    5.670    0.190E-30   0.955E+08   0.000E+00  2.5    0.0
 FE1 4810.265  4.435   -3.611    7.500    0.190E-30   0.955E+08   0.000E+00  1.0    0.0
 DY1 4810.276  2.172    0.310    1.140    0.190E-30   0.955E+08   0.000E+00  1.0    0.0
 ZN1 4810.500  4.078   -0.250    4.250    0.230E-30   0.955E+08   0.000E+00  2.5    0.0
 CR1 4810.509  2.987   -2.900    5.670    0.190E-30   0.955E+08   0.000E+00  1.0    0.0
 TI1 4810.705  2.487   -1.000    5.020    0.190E-30   0.955E+08   0.000E+00  1.0    0.0
  V1 4810.730  3.131   -1.246    4.000    0.190E-30   0.955E+08   0.000E+00  1.0    0.0
 CR1 4810.730  3.079   -1.900    5.670    0.355E-31   0.955E+08   0.000E+00  2.5    0.0
 CE2 4810.835  1.296   -3.490    1.550    0.190E-30   0.955E+08   0.000E+00  1.0    0.0
  V1 4810.947  2.115   -3.070    4.000    0.190E-30   0.955E+08   0.000E+00  1.0    0.0
 TI1 4811.031  1.887   -2.227    5.020    0.190E-30   0.955E+08   0.000E+00  1.0    0.0
 FE1 4811.033  3.070   -3.533    7.500    0.360E-30   0.955E+08   0.000E+00  2.5    0.0
 CE2 4811.066  1.581   -3.010    1.550    0.300E-30   0.955E+08   0.000E+00  1.0    0.0
 ND2 4811.300  0.060   -0.800    1.500    0.610E-31   0.955E+08   0.000E+00  2.5    0.0
 SR1 4811.800  1.850    0.250    2.900    0.130E-30   0.955E+08   0.000E+00  2.5    0.0
 NI1 4811.900  3.660   -1.480    6.250    0.110E-30   0.954E+08   0.000E+00  2.5    0.0
 TI1 4812.200  2.340   -0.600    5.020    0.520E-30   0.954E+08   0.000E+00  2.5    0.0
 CR2 4812.300  3.860   -1.800    5.670    0.340E-31   0.954E+08   0.000E+00  2.5    0.0
 TI1 4812.800  0.850   -3.450    5.020    0.432E-31   0.954E+08   0.000E+00  2.5    0.0
 FE1 4813.000  3.000   -3.890    7.500    0.340E-30   0.954E+08   0.000E+00  2.5    0.0
 FE2 4813.000  3.000   -4.800    7.500    0.340E-30   0.954E+08   0.000E+00  2.5    0.0
 FE1 4813.100  3.270   -2.890    7.500    0.309E-31   0.954E+08   0.000E+00  2.5    0.0
 FE2 4813.100  3.000   -4.200    7.500    0.450E-30   0.954E+08   0.000E+00  2.5    0.0
 FE1 4813.200  3.000   -5.000    7.500    0.340E-30   0.954E+08   0.000E+00  2.5    0.0
 CO1 4813.400  3.210    0.200    4.920    0.440E-30   0.954E+08   0.000E+00  2.5    0.0
 FE1 4813.700  4.580   -2.430    7.500    0.178E-31   0.954E+08   0.000E+00  2.5    0.0
 CO1 4813.900  3.300   -1.150    4.920    0.480E-30   0.954E+08   0.000E+00  2.5    0.0
  V2 4813.900  3.760   -0.850    4.000    0.570E-31   0.954E+08   0.000E+00  2.5    0.0
 CR1 4814.200  3.090   -1.211    5.670    0.355E-31   0.954E+08   0.000E+00  2.5    0.0
 FE1 4814.300  3.000   -3.600    7.500    0.340E-30   0.954E+08   0.000E+00  2.5    0.0
 FE2 4814.300  3.000   -4.700    7.500    0.340E-30   0.954E+08   0.000E+00  2.5    0.0
 NI1 4814.500  3.600   -1.680    6.250    0.301E-30   0.953E+08   0.000E+00  2.5    0.0
 FE1 4814.800  3.000   -4.490    7.500    0.340E-30   0.953E+08   0.000E+00  2.5    0.0
 ZR1 4815.000  0.650   -0.600    2.600    0.120E-30   0.953E+08   0.000E+00  2.5    0.0
 FE1 4815.200  3.410   -2.800    7.500    0.520E-30   0.953E+08   0.000E+00  2.5    0.0
 FE1 4815.300  3.000   -3.800    7.500    0.340E-30   0.953E+08   0.000E+00  2.5    0.0
 FE1 4815.400  3.000   -4.700    7.500    0.340E-30   0.953E+08   0.000E+00  2.5    0.0
 ZR1 4815.600  0.600   -0.380    2.600    0.110E-30   0.953E+08   0.000E+00  2.5    0.0
 LA2 4815.800  0.180   -1.460    1.220    0.570E-31   0.953E+08   0.000E+00  2.5    0.0
 NI1 4815.900  3.540   -1.790    6.250    0.399E-30   0.953E+08   0.000E+00  2.5    0.0
 CR1 4816.100  4.530   -0.260    5.670    0.190E-29   0.953E+08   0.000E+00  2.5    0.0
 CR1 4816.400  4.190   -1.200    5.670    0.130E-30   0.953E+08   0.000E+00  2.5    0.0
 TI1 4816.400  0.820   -2.700    5.020    0.130E-30   0.953E+08   0.000E+00  2.5    0.0
 FE1 4816.600  3.270   -4.350    7.500    0.450E-30   0.953E+08   0.000E+00  2.5    0.0
 FE1 4816.900  3.000   -4.700    7.500    0.340E-30   0.952E+08   0.000E+00  2.5    0.0
 FE1 4817.200  3.000   -4.700    7.500    0.340E-30   0.952E+08   0.000E+00  2.5    0.0
 SI1 4817.500  4.950   -2.020    7.550    0.300E-31   0.952E+08   0.000E+00  1.0    0.0
 FE1 4817.600  3.000   -7.700    7.500    0.340E-31   0.952E+08   0.000E+00  2.5    0.0
 FE1 4817.800  2.220   -3.530    7.500    0.439E-31   0.952E+08   0.000E+00  2.5    0.0
 NI1 4817.800  4.150   -0.770    6.250    0.280E-30   0.952E+08   0.000E+00  2.5    0.0
 FE1 4818.000  3.000   -7.600    7.500    0.340E-30   0.952E+08   0.000E+00  2.5    0.0
 FE2 4818.000  3.000   -7.600    7.500    0.340E-30   0.952E+08   0.000E+00  2.5    0.0
 SI1 4818.000  4.950   -1.580    7.550    0.300E-31   0.952E+08   0.000E+00  1.0    0.0
 FE2 4818.200  2.280   -5.890    7.500    0.250E-31   0.952E+08   0.000E+00  2.5    0.0
 FE1 4818.200  3.000   -4.700    7.500    0.340E-30   0.952E+08   0.000E+00  2.5    0.0
 FE1 4818.300  3.000   -4.400    7.500    0.340E-30   0.952E+08   0.000E+00  2.5    0.0
 FE1 4818.600  3.410   -3.760    7.500    0.520E-30   0.952E+08   0.000E+00  2.5    0.0
 TI1 4819.000  3.000   -2.490    5.020    0.130E-30   0.952E+08   0.000E+00  2.5    0.0
 FE1 4819.100  3.000   -4.000    7.500    0.340E-30   0.952E+08   0.000E+00  2.5    0.0
 CR1 4819.300  4.100   -0.500    5.670    0.300E-31   0.952E+08   0.000E+00  1.0    0.0
 FE1 4819.300  3.000   -4.250    7.500    0.340E-30   0.952E+08   0.000E+00  2.5    0.0
  Y1 4819.600  1.360    0.640    2.240    0.350E-30   0.951E+08   0.000E+00  2.5    0.0
 FE1 4820.100  3.000   -5.000    7.500    0.330E-30   0.951E+08   0.000E+00  2.5    0.0
 TI1 4820.400  1.500   -0.441    5.020    0.378E-31   0.951E+08   0.000E+00  2.5    0.0
 FE1 4820.500  3.000   -5.000    7.500    0.330E-30   0.951E+08   0.000E+00  2.5    0.0
 FE1 4820.700  3.000   -4.700    7.500    0.330E-30   0.951E+08   0.000E+00  2.5    0.0
 TI2 4821.000  1.120   -3.890    5.020    0.360E-31   0.951E+08   0.000E+00  2.5    0.0
 NI1 4821.100  2.080   -2.000    6.250    0.270E-29   0.951E+08   0.000E+00  2.5    0.0
 SI1 4821.100  4.930   -1.860    7.550    0.300E-31   0.951E+08   0.000E+00  1.0    0.0
 TI1 4821.200  2.160   -2.080    5.020    0.420E-30   0.951E+08   0.000E+00  2.5    0.0
 FE1 4821.400  3.000   -3.800    7.500    0.330E-30   0.951E+08   0.000E+00  2.5    0.0
 FE2 4821.400  3.000   -4.900    7.500    0.330E-30   0.951E+08   0.000E+00  2.5    0.0
 FE1 4821.600  3.000   -4.400    7.500    0.330E-30   0.951E+08   0.000E+00  2.5    0.0
 FE2 4821.600  3.000   -5.000    7.500    0.330E-30   0.951E+08   0.000E+00  2.5    0.0
 FE1 4821.800  3.000   -4.490    7.500    0.330E-30   0.951E+08   0.000E+00  2.5    0.0
 FE2 4821.800  3.000   -5.200    7.500    0.330E-30   0.951E+08   0.000E+00  2.5    0.0
 FE1 4822.300  3.000   -3.960    7.500    0.330E-30   0.950E+08   0.000E+00  2.5    0.0
 FE2 4822.300  3.000   -4.700    7.500    0.330E-30   0.950E+08   0.000E+00  2.5    0.0
 FE1 4822.500  3.000   -3.800    7.500    0.330E-30   0.950E+08   0.000E+00  2.5    0.0
 FE2 4822.500  3.000   -4.700    7.500    0.330E-30   0.950E+08   0.000E+00  2.5    0.0
 FE1 4822.600  3.270   -3.300    7.500    0.440E-30   0.950E+08   0.000E+00  2.5    0.0
 FE1 4822.800  3.000   -4.600    7.500    0.330E-30   0.950E+08   0.000E+00  2.5    0.0
 FE1 4822.900  3.000   -4.400    7.500    0.330E-30   0.950E+08   0.000E+00  2.5    0.0
 FE1 4823.000  3.000   -4.300    7.500    0.330E-30   0.950E+08   0.000E+00  2.5    0.0
  Y2 4823.300  0.990   -2.000    2.240    0.510E-31   0.950E+08   0.000E+00  2.5    0.0
 SI1 4823.300  4.930   -2.320    7.550    0.300E-31   0.950E+08   0.000E+00  1.0    0.0
 MN1 4823.500  2.320    0.144    5.390    0.270E-30   0.950E+08   0.000E+00  2.5    0.0
 CR1 4823.800  4.530   -0.530    5.670    0.200E-30   0.950E+08   0.000E+00  2.5    0.0
 CR2 4824.100  3.870   -1.220    5.670    0.340E-30   0.950E+08   0.000E+00  2.5    0.0
 LA2 4824.050  0.651   -0.870    1.220    0.300E-31   0.950E+08   0.000E+00  2.5    0.0
 FE1 4824.100  3.630   -3.660    7.500    0.680E-30   0.950E+08   0.000E+00  2.5    0.0
 ZR1 4824.200  0.650   -0.350    2.600    0.120E-30   0.950E+08   0.000E+00  2.5    0.0
 FE1 4824.300  3.000   -4.490    7.500    0.330E-30   0.950E+08   0.000E+00  2.5    0.0
 FE1 4824.400  3.000   -5.000    7.500    0.330E-30   0.950E+08   0.000E+00  2.5    0.0
 NI1 4824.500  4.090   -3.000    6.250    0.230E-29   0.949E+08   0.000E+00  2.5    0.0
 FE1 4824.500  3.000   -4.490    7.500    0.330E-30   0.949E+08   0.000E+00  2.5    0.0
 FE1 4824.800  3.000   -5.490    7.500    0.330E-30   0.949E+08   0.000E+00  2.5    0.0
 FE1 4824.900  3.000   -5.490    7.500    0.330E-30   0.949E+08   0.000E+00  2.5    0.0
 FE1 4825.100  3.000   -5.000    7.500    0.330E-30   0.949E+08   0.000E+00  2.5    0.0
 FE1 4825.300  3.000   -3.210    7.500    0.330E-30   0.949E+08   0.000E+00  2.5    0.0
 FE2 4825.349  3.000   -4.100    7.500    0.330E-30   0.949E+08   0.000E+00  2.5    0.0
 ND2 4825.400  0.180   -0.850    1.500    0.630E-31   0.949E+08   0.000E+00  2.5    0.0
 TI1 4825.400  2.320   -0.600    5.020    0.510E-30   0.949E+08   0.000E+00  2.5    0.0
 CR1 4825.400  3.090   -1.950    5.670    0.180E-29   0.949E+08   0.000E+00  2.5    0.0
 MN1 4825.600  3.840   -1.400    5.390    0.210E-29   0.949E+08   0.000E+00  2.5    0.0
 FE2 4825.700  2.630   -4.950    7.500    0.270E-31   0.949E+08   0.000E+00  2.5    0.0
 FE1 4826.100  3.000   -5.200    7.500    0.330E-30   0.949E+08   0.000E+00  2.5    0.0
 FE1 4826.300  3.000   -4.300    7.500    0.330E-30   0.949E+08   0.000E+00  2.5    0.0
 MN1 4826.800  3.850   -0.900    5.390    0.210E-29   0.949E+08   0.000E+00  2.5    0.0
 LA2 4826.873  0.173   -2.377    1.220    0.300E-31   0.949E+08   0.000E+00  2.5    0.0
 FE1 4827.200  3.000   -5.000    7.500    0.330E-30   0.948E+08   0.000E+00  2.5    0.0
  V1 4827.400  0.040   -1.478    4.000    0.850E-30   0.948E+08   0.000E+00  2.5    0.0
 TI1 4827.600  2.300   -0.100    5.020    0.500E-30   0.948E+08   0.000E+00  2.5    0.0
 ZR1 4828.000  0.620   -0.800    2.600    0.110E-30   0.948E+08   0.000E+00  2.5    0.0
 FE1 4828.300  3.000   -4.400    7.500    0.330E-30   0.948E+08   0.000E+00  2.5    0.0
 CR1 4828.600  2.540   -2.200    5.670    0.730E-30   0.948E+08   0.000E+00  2.5    0.0
 FE1 4828.800  3.000   -4.800    7.500    0.330E-30   0.948E+08   0.000E+00  2.5    0.0
 NI1 4829.000  3.540   -0.330    6.250    0.391E-30   0.948E+08   0.000E+00  2.5    0.0
 FE1 4829.100  3.000   -5.000    7.500    0.330E-30   0.948E+08   0.000E+00  2.5    0.0
 FE1 4829.300  3.000   -3.490    7.500    0.330E-30   0.948E+08   0.000E+00  2.5    0.0
 CR1 4829.300  2.540   -0.600    5.670    0.300E-29   0.948E+08   0.000E+00  2.5    0.0
 CR1 4829.300  2.540   -1.010    5.670    0.730E-30   0.948E+08   0.000E+00  2.5    0.0
 FE1 4829.600  4.240   -3.100    7.500    0.180E-29   0.947E+08   0.000E+00  2.5    0.0
 FE1 4830.300  3.000   -4.400    7.500    0.330E-30   0.947E+08   0.000E+00  2.5    0.0
 FE1 4830.500  3.000   -4.490    7.500    0.330E-30   0.947E+08   0.000E+00  2.5    0.0
 FE1 4830.900  3.000   -5.000    7.500    0.330E-30   0.947E+08   0.000E+00  2.5    0.0
 NI1 4831.100  3.610   -0.420    6.250    0.301E-30   0.947E+08   0.000E+00  2.5    0.0
 FE1 4831.300  3.000   -3.400    7.500    0.330E-30   0.947E+08   0.000E+00  2.5    0.0
 FE2 4831.393  3.000   -4.940    7.500    0.330E-30   0.947E+08   0.000E+00  2.5    0.0
  V1 4831.666  0.017   -3.131    4.000    0.300E-31   0.947E+08   0.000E+00  0.5    0.0
  V1 4831.656  0.017   -2.876    4.000    0.300E-31   0.947E+08   0.000E+00  0.5    0.0
  V1 4831.670  0.017   -2.876    4.000    0.300E-31   0.947E+08   0.000E+00  0.5    0.0
  V1 4831.661  0.017   -4.785    4.000    0.300E-31   0.947E+08   0.000E+00  0.5    0.0
  V1 4831.647  0.017   -2.677    4.000    0.300E-31   0.947E+08   0.000E+00  0.5    0.0
  V1 4831.668  0.017   -2.677    4.000    0.300E-31   0.947E+08   0.000E+00  0.5    0.0
  V1 4831.654  0.017   -3.542    4.000    0.300E-31   0.947E+08   0.000E+00  0.5    0.0
  V1 4831.635  0.017   -2.613    4.000    0.300E-31   0.947E+08   0.000E+00  0.5    0.0
  V1 4831.664  0.017   -2.613    4.000    0.300E-31   0.947E+08   0.000E+00  0.5    0.0
  V1 4831.645  0.017   -2.824    4.000    0.300E-31   0.947E+08   0.000E+00  0.5    0.0
  V1 4831.622  0.017   -2.644    4.000    0.300E-31   0.947E+08   0.000E+00  0.5    0.0
  V1 4831.658  0.017   -2.644    4.000    0.300E-31   0.947E+08   0.000E+00  0.5    0.0
  V1 4831.634  0.017   -2.418    4.000    0.300E-31   0.947E+08   0.000E+00  0.5    0.0
  V1 4831.605  0.017   -2.825    4.000    0.300E-31   0.947E+08   0.000E+00  0.5    0.0
  V1 4831.649  0.017   -2.825    4.000    0.300E-31   0.947E+08   0.000E+00  0.5    0.0
  V1 4831.621  0.017   -2.126    4.000    0.300E-31   0.947E+08   0.000E+00  0.5    0.0
 CR1 4831.600  3.420   -1.420    5.670    0.291E-31   0.947E+08   0.000E+00  2.5    0.0
 SR1 4832.000  1.770    0.040    2.900    0.110E-29   0.947E+08   0.000E+00  2.5    0.0
 SR1 4832.000  1.800    0.040    2.900    0.120E-29   0.947E+08   0.000E+00  2.5    0.0
 TI1 4832.000  2.300   -1.000    5.020    0.490E-30   0.947E+08   0.000E+00  2.5    0.0
 FE1 4832.200  3.000   -4.600    7.500    0.330E-30   0.946E+08   0.000E+00  2.5    0.0
  V1 4832.400  0.000   -1.505    4.000    0.830E-31   0.946E+08   0.000E+00  2.5    0.0
 FE1 4832.500  3.000   -5.000    7.500    0.330E-30   0.946E+08   0.000E+00  2.5    0.0
 NI1 4832.700  3.800   -0.400    6.250    0.130E-29   0.946E+08   0.000E+00  2.5    0.0
 FE1 4832.700  3.640   -2.300    7.500    0.690E-30   0.946E+08   0.000E+00  2.5    0.0
 FE1 4832.700  4.300   -1.750    7.500    0.200E-29   0.946E+08   0.000E+00  2.5    0.0
 FE1 4832.800  3.000   -5.000    7.500    0.330E-30   0.946E+08   0.000E+00  2.5    0.0
  V1 4833.000  1.710   -0.920    4.000    0.290E-30   0.946E+08   0.000E+00  2.5    0.0
 FE2 4833.196  2.657   -4.590    7.500    0.341E-32   0.946E+08   0.000E+00  2.0    0.0
 FE1 4833.300  3.000   -4.700    7.500    0.330E-30   0.946E+08   0.000E+00  2.5    0.0
 FE1 4833.500  3.000   -4.700    7.500    0.330E-30   0.946E+08   0.000E+00  2.5    0.0
 FE1 4833.800  3.000   -3.890    7.500    0.330E-30   0.946E+08   0.000E+00  2.5    0.0
 FE2 4833.865  2.844   -5.130    7.500    0.300E-31   0.946E+08   0.000E+00  2.0    0.0
 FE1 4833.900  0.000   -6.890    7.500    0.450E-31   0.946E+08   0.000E+00  2.5    0.0
 FE1 4834.100  3.000   -4.400    7.500    0.330E-30   0.946E+08   0.000E+00  2.5    0.0
 CO1 4834.300  2.010   -2.900    4.920    0.150E-30   0.946E+08   0.000E+00  2.5    0.0
 FE1 4834.500  2.420   -3.410    7.500    0.731E-31   0.946E+08   0.000E+00  2.5    0.0
 LA2 4834.600  0.480   -0.800    1.220    0.620E-31   0.946E+08   0.000E+00  2.5    0.0
 NI1 4834.800  3.580   -2.890    6.250    0.920E-30   0.945E+08   0.000E+00  2.5    0.0
 FE1 4835.000  3.000   -5.000    7.500    0.330E-30   0.945E+08   0.000E+00  2.5    0.0
 FE1 4835.200  3.000   -4.100    7.500    0.330E-30   0.945E+08   0.000E+00  2.5    0.0
 FE1 4835.500  3.000   -4.800    7.500    0.330E-30   0.945E+08   0.000E+00  2.5    0.0
 CR1 4835.700  3.550   -1.640    5.670    0.540E-29   0.945E+08   0.000E+00  2.5    0.0
 FE1 4835.800  4.100   -1.500    7.500    0.486E-30   0.945E+08   0.000E+00  2.5    0.0
 FE1 4835.900  3.000   -5.000    7.500    0.330E-30   0.945E+08   0.000E+00  2.5    0.0
