  Ple                   5777.   4.44   0.00   0.09
    50   0.0   0.0    1.0000  0.0001
  46
      4861.342      4861.352      4861.362      4861.372      4861.382
      4861.392      4861.402      4861.422      4861.442      4861.467
      4861.492      4861.517      4861.542      4861.592      4861.642
      4861.692      4861.742      4861.842      4861.942      4862.042
      4862.142      4862.242      4862.342      4862.442      4862.542
      4862.642      4862.742      4862.842      4862.942      4863.142
      4863.342      4863.842      4864.342      4864.842      4865.342
      4865.842      4866.342      4868.842      4871.342      4873.842
      4876.342      4878.842      4881.342      4886.342      4891.342
      4896.342
  0.1584E-01  0.1576E-01  0.1550E-01  0.1509E-01  0.1453E-01
  0.1383E-01  0.1303E-01  0.1120E-01  0.9208E-02  0.6782E-02
  0.4664E-02  0.2993E-02  0.1791E-02  0.5171E-03  0.1092E-03
  0.1463E-04 -0.5702E-06 -0.1380E-05 -0.7910E-06 -0.5204E-06
 -0.3646E-06 -0.2676E-06 -0.2034E-06 -0.1590E-06 -0.1272E-06
 -0.1036E-06 -0.8578E-07 -0.7197E-07 -0.6118E-07 -0.4551E-07
 -0.3504E-07 -0.2000E-07 -0.1260E-07 -0.8542E-08 -0.6105E-08
 -0.4546E-08 -0.3515E-08 -0.1274E-08 -0.6173E-09 -0.3526E-09
 -0.2233E-09 -0.1518E-09 -0.1088E-09 -0.6225E-10 -0.3942E-10
 -0.8579E-11  0.2088E-01  0.2077E-01  0.2044E-01  0.1990E-01
  0.1917E-01  0.1827E-01  0.1723E-01  0.1483E-01  0.1223E-01
  0.9051E-02  0.6263E-02  0.4050E-02  0.2448E-02  0.7284E-03
  0.1635E-03  0.2672E-04  0.2472E-05 -0.5601E-06 -0.3265E-06
 -0.2141E-06 -0.1498E-06 -0.1097E-06 -0.8335E-07 -0.6511E-07
 -0.5203E-07 -0.4237E-07 -0.3506E-07 -0.2941E-07 -0.2499E-07
 -0.1858E-07 -0.1431E-07 -0.8164E-08 -0.5142E-08 -0.3485E-08
 -0.2490E-08 -0.1854E-08 -0.1434E-08 -0.5199E-09 -0.2517E-09
 -0.1438E-09 -0.9106E-10 -0.6191E-10 -0.4436E-10 -0.2538E-10
 -0.1607E-10  0.6681E-11  0.2745E-01  0.2731E-01  0.2688E-01
  0.2618E-01  0.2523E-01  0.2406E-01  0.2270E-01  0.1958E-01
  0.1619E-01  0.1203E-01  0.8364E-02  0.5445E-02  0.3318E-02
  0.1011E-02  0.2371E-03  0.4360E-04  0.6928E-05  0.7037E-06
  0.3895E-06  0.2578E-06  0.1814E-06  0.1335E-06  0.1017E-06
  0.7964E-07  0.6377E-07  0.5201E-07  0.4308E-07  0.3617E-07
  0.3077E-07  0.2289E-07  0.1763E-07  0.1007E-07  0.6350E-08
  0.4307E-08  0.3079E-08  0.2293E-08  0.1772E-08  0.6425E-09
  0.3114E-09  0.1780E-09  0.1127E-09  0.7664E-10  0.5491E-10
  0.3142E-10  0.1990E-10  0.2932E-10  0.3597E-01  0.3579E-01
  0.3523E-01  0.3432E-01  0.3309E-01  0.3157E-01  0.2981E-01
  0.2575E-01  0.2134E-01  0.1591E-01  0.1111E-01  0.7272E-02
  0.4461E-02  0.1385E-02  0.3365E-03  0.6701E-04  0.1340E-04
  0.2622E-05  0.1477E-05  0.9744E-06  0.6841E-06  0.5028E-06
  0.3826E-06  0.2994E-06  0.2395E-06  0.1953E-06  0.1617E-06
  0.1357E-06  0.1154E-06  0.8585E-07  0.6611E-07  0.3774E-07
  0.2379E-07  0.1613E-07  0.1153E-07  0.8588E-08  0.6637E-08
  0.2407E-08  0.1166E-08  0.6663E-09  0.4220E-09  0.2869E-09
  0.2056E-09  0.1176E-09  0.7450E-10  0.6270E-10  0.4701E-01
  0.4677E-01  0.4605E-01  0.4488E-01  0.4328E-01  0.4131E-01
  0.3903E-01  0.3377E-01  0.2803E-01  0.2096E-01  0.1470E-01
  0.9666E-02  0.5965E-02  0.1883E-02  0.4706E-03  0.9951E-04
  0.2277E-04  0.5502E-05  0.3110E-05  0.2050E-05  0.1439E-05
  0.1057E-05  0.8044E-06  0.6292E-06  0.5034E-06  0.4103E-06
  0.3398E-06  0.2851E-06  0.2424E-06  0.1804E-06  0.1389E-06
  0.7928E-07  0.4997E-07  0.3388E-07  0.2422E-07  0.1804E-07
  0.1394E-07  0.5055E-08  0.2449E-08  0.1399E-08  0.8862E-09
  0.6026E-09  0.4317E-09  0.2470E-09  0.1564E-09  0.1119E-09
  0.6131E-01  0.6100E-01  0.6007E-01  0.5855E-01  0.5649E-01
  0.5394E-01  0.5098E-01  0.4417E-01  0.3673E-01  0.2754E-01
  0.1938E-01  0.1280E-01  0.7943E-02  0.2545E-02  0.6516E-03
  0.1446E-03  0.3629E-04  0.9787E-05  0.5539E-05  0.3651E-05
  0.2562E-05  0.1882E-05  0.1432E-05  0.1120E-05  0.8958E-06
  0.7301E-06  0.6045E-06  0.5073E-06  0.4313E-06  0.3209E-06
  0.2471E-06  0.1410E-06  0.8890E-07  0.6028E-07  0.4309E-07
  0.3209E-07  0.2480E-07  0.8993E-08  0.4357E-08  0.2489E-08
  0.1576E-08  0.1072E-08  0.7679E-09  0.4395E-09  0.2783E-09
  0.1843E-09  0.7981E-01  0.7940E-01  0.7820E-01  0.7624E-01
  0.7357E-01  0.7028E-01  0.6646E-01  0.5765E-01  0.4802E-01
  0.3610E-01  0.2549E-01  0.1690E-01  0.1054E-01  0.3421E-02
  0.8950E-03  0.2069E-03  0.5566E-04  0.1610E-04  0.9120E-05
  0.6010E-05  0.4216E-05  0.3097E-05  0.2356E-05  0.1843E-05
  0.1474E-05  0.1201E-05  0.9947E-06  0.8348E-06  0.7097E-06
  0.5280E-06  0.4065E-06  0.2321E-06  0.1463E-06  0.9917E-07
  0.7088E-07  0.5279E-07  0.4080E-07  0.1480E-07  0.7168E-08
  0.4095E-08  0.2594E-08  0.1763E-08  0.1263E-08  0.7230E-09
  0.4578E-09  0.2906E-09  0.1036E+00  0.1031E+00  0.1016E+00
  0.9903E-01  0.9559E-01  0.9135E-01  0.8643E-01  0.7506E-01
  0.6261E-01  0.4718E-01  0.3341E-01  0.2224E-01  0.1392E-01
  0.4576E-02  0.1221E-02  0.2924E-03  0.8319E-04  0.2531E-04
  0.1434E-04  0.9446E-05  0.6626E-05  0.4867E-05  0.3702E-05
  0.2895E-05  0.2316E-05  0.1888E-05  0.1563E-05  0.1312E-05
  0.1115E-05  0.8295E-06  0.6387E-06  0.3646E-06  0.2298E-06
  0.1558E-06  0.1114E-06  0.8293E-07  0.6410E-07  0.2324E-07
  0.1126E-07  0.6433E-08  0.4074E-08  0.2770E-08  0.1985E-08
  0.1136E-08  0.7192E-09  0.4462E-09  0.1343E+00  0.1336E+00
  0.1316E+00  0.1284E+00  0.1240E+00  0.1185E+00  0.1122E+00
  0.9751E-01  0.8146E-01  0.6152E-01  0.4369E-01  0.2918E-01
  0.1835E-01  0.6101E-02  0.1658E-02  0.4100E-03  0.1222E-03
  0.3862E-04  0.2188E-04  0.1441E-04  0.1011E-04  0.7424E-05
  0.5647E-05  0.4416E-05  0.3532E-05  0.2879E-05  0.2384E-05
  0.2000E-05  0.1701E-05  0.1265E-05  0.9740E-06  0.5560E-06
  0.3504E-06  0.2376E-06  0.1698E-06  0.1265E-06  0.9775E-07
  0.3545E-07  0.1717E-07  0.9810E-08  0.6213E-08  0.4225E-08
  0.3026E-08  0.1732E-08  0.1097E-08  0.6734E-09  0.1736E+00
  0.1728E+00  0.1702E+00  0.1661E+00  0.1604E+00  0.1534E+00
  0.1452E+00  0.1264E+00  0.1057E+00  0.8003E-01  0.5698E-01
  0.3819E-01  0.2411E-01  0.8106E-02  0.2242E-02  0.5710E-03
  0.1773E-03  0.5778E-04  0.3273E-04  0.2156E-04  0.1512E-04
  0.1110E-04  0.8446E-05  0.6605E-05  0.5283E-05  0.4306E-05
  0.3565E-05  0.2991E-05  0.2543E-05  0.1892E-05  0.1457E-05
  0.8314E-06  0.5240E-06  0.3553E-06  0.2539E-06  0.1891E-06
  0.1462E-06  0.5301E-07  0.2568E-07  0.1467E-07  0.9291E-08
  0.6317E-08  0.4526E-08  0.2590E-08  0.1640E-08  0.1004E-08
  0.2242E+00  0.2231E+00  0.2198E+00  0.2144E+00  0.2072E+00
  0.1982E+00  0.1877E+00  0.1635E+00  0.1370E+00  0.1039E+00
  0.7418E-01  0.4988E-01  0.3162E-01  0.1074E-01  0.3021E-02
  0.7915E-03  0.2549E-03  0.8530E-04  0.4832E-04  0.3182E-04
  0.2232E-04  0.1639E-04  0.1246E-04  0.9746E-05  0.7795E-05
  0.6353E-05  0.5260E-05  0.4414E-05  0.3752E-05  0.2791E-05
  0.2149E-05  0.1227E-05  0.7731E-06  0.5241E-06  0.3746E-06
  0.2790E-06  0.2157E-06  0.7820E-07  0.3788E-07  0.2164E-07
  0.1371E-07  0.9320E-08  0.6677E-08  0.3821E-08  0.2420E-08
  0.1487E-08  0.2890E+00  0.2876E+00  0.2834E+00  0.2765E+00
  0.2672E+00  0.2557E+00  0.2423E+00  0.2113E+00  0.1772E+00
  0.1347E+00  0.9643E-01  0.6505E-01  0.4140E-01  0.1422E-01
  0.4065E-02  0.1094E-02  0.3643E-03  0.1247E-03  0.7061E-04
  0.4649E-04  0.3260E-04  0.2394E-04  0.1820E-04  0.1423E-04
  0.1139E-04  0.9278E-05  0.7682E-05  0.6446E-05  0.5480E-05
  0.4076E-05  0.3138E-05  0.1791E-05  0.1129E-05  0.7654E-06
  0.5471E-06  0.4074E-06  0.3149E-06  0.1142E-06  0.5532E-07
  0.3160E-07  0.2002E-07  0.1361E-07  0.9750E-08  0.5580E-08
  0.3533E-08  0.2189E-08  0.3721E+00  0.3703E+00  0.3649E+00
  0.3562E+00  0.3442E+00  0.3295E+00  0.3124E+00  0.2727E+00
  0.2290E+00  0.1745E+00  0.1252E+00  0.8474E-01  0.5414E-01
  0.1879E-01  0.5464E-02  0.1510E-02  0.5187E-03  0.1811E-03
  0.1025E-03  0.6750E-04  0.4733E-04  0.3475E-04  0.2642E-04
  0.2066E-04  0.1652E-04  0.1347E-04  0.1115E-04  0.9355E-05
  0.7953E-05  0.5916E-05  0.4555E-05  0.2600E-05  0.1638E-05
  0.1111E-05  0.7940E-06  0.5913E-06  0.4570E-06  0.1657E-06
  0.8028E-07  0.4586E-07  0.2905E-07  0.1975E-07  0.1415E-07
  0.8097E-08  0.5128E-08  0.3211E-08  0.4788E+00  0.4765E+00
  0.4697E+00  0.4585E+00  0.4433E+00  0.4244E+00  0.4025E+00
  0.3517E+00  0.2958E+00  0.2258E+00  0.1624E+00  0.1103E+00
  0.7073E-01  0.2481E-01  0.7334E-02  0.2081E-02  0.7372E-03
  0.2625E-03  0.1487E-03  0.9784E-04  0.6859E-04  0.5035E-04
  0.3829E-04  0.2994E-04  0.2394E-04  0.1951E-04  0.1615E-04
  0.1355E-04  0.1152E-04  0.8571E-05  0.6599E-05  0.3767E-05
  0.2374E-05  0.1609E-05  0.1150E-05  0.8566E-06  0.6622E-06
  0.2401E-06  0.1163E-06  0.6645E-07  0.4208E-07  0.2861E-07
  0.2050E-07  0.1173E-07  0.7429E-08  0.4700E-08  0.6162E+00
  0.6133E+00  0.6045E+00  0.5902E+00  0.5707E+00  0.5467E+00
  0.5186E+00  0.4536E+00  0.3820E+00  0.2921E+00  0.2107E+00
  0.1435E+00  0.9240E-01  0.3275E-01  0.9844E-02  0.2869E-02
  0.1048E-02  0.3807E-03  0.2156E-03  0.1419E-03  0.9943E-04
  0.7299E-04  0.5550E-04  0.4339E-04  0.3470E-04  0.2828E-04
  0.2341E-04  0.1964E-04  0.1670E-04  0.1242E-04  0.9563E-05
  0.5459E-05  0.3440E-05  0.2332E-05  0.1667E-05  0.1241E-05
  0.9595E-06  0.3479E-06  0.1685E-06  0.9629E-07  0.6098E-07
  0.4146E-07  0.2971E-07  0.1700E-07  0.1076E-07  0.6876E-08
  0.7937E+00  0.7900E+00  0.7788E+00  0.7605E+00  0.7356E+00
  0.7048E+00  0.6689E+00  0.5857E+00  0.4938E+00  0.3785E+00
  0.2738E+00  0.1871E+00  0.1209E+00  0.4334E-01  0.1326E-01
  0.3972E-02  0.1496E-02  0.5530E-03  0.3131E-03  0.2060E-03
  0.1444E-03  0.1060E-03  0.8056E-04  0.6299E-04  0.5037E-04
  0.4104E-04  0.3398E-04  0.2851E-04  0.2424E-04  0.1803E-04
  0.1388E-04  0.7922E-05  0.4992E-05  0.3385E-05  0.2419E-05
  0.1802E-05  0.1393E-05  0.5050E-06  0.2446E-06  0.1397E-06
  0.8850E-07  0.6017E-07  0.4311E-07  0.2467E-07  0.1562E-07
  0.1007E-07  0.1024E+01  0.1019E+01  0.1005E+01  0.9815E+00
  0.9496E+00  0.9102E+00  0.8642E+00  0.7575E+00  0.6396E+00
  0.4913E+00  0.3564E+00  0.2444E+00  0.1587E+00  0.5756E-01
  0.1794E-01  0.5527E-02  0.2142E-02  0.8049E-03  0.4556E-03
  0.2996E-03  0.2100E-03  0.1541E-03  0.1172E-03  0.9160E-04
  0.7325E-04  0.5969E-04  0.4941E-04  0.4146E-04  0.3524E-04
  0.2621E-04  0.2018E-04  0.1152E-04  0.7259E-05  0.4921E-05
  0.3517E-05  0.2619E-05  0.2025E-05  0.7342E-06  0.3557E-06
  0.2032E-06  0.1287E-06  0.8749E-07  0.6268E-07  0.3587E-07
  0.2271E-07  0.1479E-07  0.1325E+01  0.1319E+01  0.1301E+01
  0.1270E+01  0.1230E+01  0.1179E+01  0.1120E+01  0.9826E+00
  0.8309E+00  0.6398E+00  0.4654E+00  0.3203E+00  0.2089E+00
  0.7672E-01  0.2438E-01  0.7724E-02  0.3079E-02  0.1176E-02
  0.6652E-03  0.4374E-03  0.3065E-03  0.2249E-03  0.1710E-03
  0.1337E-03  0.1069E-03  0.8709E-04  0.7210E-04  0.6049E-04
  0.5142E-04  0.3825E-04  0.2945E-04  0.1681E-04  0.1059E-04
  0.7180E-05  0.5132E-05  0.3822E-05  0.2954E-05  0.1071E-05
  0.5189E-06  0.2964E-06  0.1877E-06  0.1276E-06  0.9145E-07
  0.5233E-07  0.3314E-07  0.2181E-07  0.1722E+01  0.1714E+01
  0.1690E+01  0.1652E+01  0.1599E+01  0.1534E+01  0.1457E+01
  0.1280E+01  0.1084E+01  0.8370E+00  0.6108E+00  0.4220E+00
  0.2765E+00  0.1029E+00  0.3335E-01  0.1087E-01  0.4457E-02
  0.1728E-02  0.9772E-03  0.6425E-03  0.4501E-03  0.3302E-03
  0.2510E-03  0.1962E-03  0.1569E-03  0.1279E-03  0.1058E-03
  0.8881E-04  0.7549E-04  0.5614E-04  0.4323E-04  0.2467E-04
  0.1555E-04  0.1054E-04  0.7533E-05  0.5610E-05  0.4336E-05
  0.1572E-05  0.7617E-06  0.4351E-06  0.2756E-06  0.1874E-06
  0.1342E-06  0.7682E-07  0.4864E-07  0.3237E-07  0.2249E+01
  0.2239E+01  0.2208E+01  0.2158E+01  0.2090E+01  0.2005E+01
  0.1907E+01  0.1677E+01  0.1423E+01  0.1101E+01  0.8064E+00
  0.5595E+00  0.3685E+00  0.1391E+00  0.4607E-01  0.1547E-01
  0.6513E-02  0.2558E-02  0.1446E-02  0.9507E-03  0.6659E-03
  0.4885E-03  0.3714E-03  0.2903E-03  0.2321E-03  0.1891E-03
  0.1565E-03  0.1313E-03  0.1116E-03  0.8303E-04  0.6393E-04
  0.3649E-04  0.2299E-04  0.1559E-04  0.1114E-04  0.8296E-05
  0.6413E-05  0.2325E-05  0.1126E-05  0.6434E-06  0.4075E-06
  0.2771E-06  0.1985E-06  0.1136E-06  0.7193E-07  0.4841E-07
  0.2961E+01  0.2948E+01  0.2908E+01  0.2842E+01  0.2753E+01
  0.2643E+01  0.2514E+01  0.2215E+01  0.1882E+01  0.1461E+01
  0.1073E+01  0.7480E+00  0.4954E+00  0.1896E+00  0.6421E-01
  0.2221E-01  0.9615E-02  0.3836E-02  0.2168E-02  0.1425E-02
  0.9978E-03  0.7320E-03  0.5563E-03  0.4349E-03  0.3477E-03
  0.2833E-03  0.2345E-03  0.1967E-03  0.1672E-03  0.1244E-03
  0.9575E-04  0.5465E-04  0.3443E-04  0.2334E-04  0.1668E-04
  0.1242E-04  0.9604E-05  0.3483E-05  0.1687E-05  0.9636E-06
  0.6103E-06  0.4150E-06  0.2973E-06  0.1701E-06  0.1077E-06
  0.7324E-07  0.3938E+01  0.3921E+01  0.3868E+01  0.3782E+01
  0.3665E+01  0.3520E+01  0.3350E+01  0.2956E+01  0.2516E+01
  0.1959E+01  0.1445E+01  0.1012E+01  0.6738E+00  0.2620E+00
  0.9076E-01  0.3240E-01  0.1443E-01  0.5853E-02  0.3308E-02
  0.2173E-02  0.1521E-02  0.1116E-02  0.8480E-03  0.6628E-03
  0.5299E-03  0.4317E-03  0.3573E-03  0.2998E-03  0.2548E-03
  0.1895E-03  0.1459E-03  0.8327E-04  0.5247E-04  0.3557E-04
  0.2542E-04  0.1893E-04  0.1463E-04  0.5307E-05  0.2570E-05
  0.1468E-05  0.9299E-06  0.6323E-06  0.4530E-06  0.2592E-06
  0.1641E-06  0.1124E-06  0.5298E+01  0.5275E+01  0.5205E+01
  0.5091E+01  0.4935E+01  0.4742E+01  0.4517E+01  0.3991E+01
  0.3406E+01  0.2660E+01  0.1971E+01  0.1387E+01  0.9303E+00
  0.3682E+00  0.1310E+00  0.4834E-01  0.2214E-01  0.9105E-02
  0.5143E-02  0.3377E-02  0.2364E-02  0.1734E-02  0.1317E-02
  0.1030E-02  0.8231E-03  0.6705E-03  0.5550E-03  0.4656E-03
  0.3957E-03  0.2943E-03  0.2266E-03  0.1293E-03  0.8148E-04
  0.5523E-04  0.3947E-04  0.2940E-04  0.2273E-04  0.8240E-05
  0.3991E-05  0.2280E-05  0.1444E-05  0.9818E-06  0.7033E-06
  0.4025E-06  0.2549E-06  0.1754E-06  0.7226E+01  0.7195E+01
  0.7101E+01  0.6948E+01  0.6739E+01  0.6479E+01  0.6176E+01
  0.5467E+01  0.4676E+01  0.3667E+01  0.2731E+01  0.1934E+01
  0.1306E+01  0.5273E+00  0.1929E+00  0.7370E-01  0.3471E-01
  0.1448E-01  0.8178E-02  0.5367E-02  0.3756E-02  0.2754E-02
  0.2093E-02  0.1635E-02  0.1307E-02  0.1065E-02  0.8815E-03
  0.7396E-03  0.6285E-03  0.4674E-03  0.3598E-03  0.2054E-03
  0.1294E-03  0.8771E-04  0.6268E-04  0.4668E-04  0.3609E-04
  0.1309E-04  0.6338E-05  0.3620E-05  0.2293E-05  0.1559E-05
  0.1117E-05  0.6391E-06  0.4047E-06  0.2791E-06  0.1002E+02
  0.9981E+01  0.9853E+01  0.9644E+01  0.9359E+01  0.9004E+01
  0.8590E+01  0.7620E+01  0.6536E+01  0.5149E+01  0.3855E+01
  0.2749E+01  0.1872E+01  0.7725E+00  0.2914E+00  0.1154E+00
  0.5588E-01  0.2364E-01  0.1334E-01  0.8749E-02  0.6121E-02
  0.4487E-02  0.3409E-02  0.2664E-02  0.2129E-02  0.1735E-02
  0.1436E-02  0.1204E-02  0.1023E-02  0.7611E-03  0.5859E-03
  0.3344E-03  0.2107E-03  0.1428E-03  0.1021E-03  0.7600E-04
  0.5876E-04  0.2131E-04  0.1032E-04  0.5894E-05  0.3733E-05
  0.2538E-05  0.1818E-05  0.1041E-05  0.6589E-06  0.4548E-06
  0.1419E+02  0.1413E+02  0.1395E+02  0.1366E+02  0.1326E+02
  0.1277E+02  0.1219E+02  0.1084E+02  0.9329E+01  0.7384E+01
  0.5563E+01  0.3996E+01  0.2746E+01  0.1160E+01  0.4511E+00
  0.1852E+00  0.9219E-01  0.3967E-01  0.2239E-01  0.1468E-01
  0.1027E-01  0.7526E-02  0.5717E-02  0.4466E-02  0.3570E-02
  0.2908E-02  0.2407E-02  0.2019E-02  0.1716E-02  0.1276E-02
  0.9821E-03  0.5605E-03  0.3531E-03  0.2393E-03  0.1710E-03
  0.1274E-03  0.9848E-04  0.3571E-04  0.1729E-04  0.9878E-05
  0.6256E-05  0.4254E-05  0.3047E-05  0.1744E-05  0.1104E-05
  0.7621E-06  0.2054E+02  0.2046E+02  0.2021E+02  0.1979E+02
  0.1923E+02  0.1853E+02  0.1772E+02  0.1580E+02  0.1364E+02
  0.1085E+02  0.8233E+01  0.5964E+01  0.4140E+01  0.1793E+01
  0.7213E+00  0.3071E+00  0.1573E+00  0.6884E-01  0.3887E-01
  0.2547E-01  0.1781E-01  0.1305E-01  0.9911E-02  0.7742E-02
  0.6188E-02  0.5040E-02  0.4171E-02  0.3499E-02  0.2973E-02
  0.2210E-02  0.1702E-02  0.9711E-03  0.6117E-03  0.4147E-03
  0.2963E-03  0.2207E-03  0.1706E-03  0.6187E-04  0.2996E-04
  0.1711E-04  0.1084E-04  0.7369E-05  0.5279E-05  0.3021E-05
  0.1913E-05  0.1320E-05  0.3046E+02  0.3034E+02  0.2998E+02
  0.2938E+02  0.2857E+02  0.2756E+02  0.2637E+02  0.2359E+02
  0.2045E+02  0.1638E+02  0.1252E+02  0.9156E+01  0.6427E+01
  0.2864E+01  0.1193E+01  0.5275E+00  0.2777E+00  0.1239E+00
  0.7003E-01  0.4586E-01  0.3205E-01  0.2348E-01  0.1783E-01
  0.1392E-01  0.1113E-01  0.9061E-02  0.7498E-02  0.6290E-02
  0.5344E-02  0.3973E-02  0.3059E-02  0.1746E-02  0.1100E-02
  0.7453E-03  0.5326E-03  0.3966E-03  0.3067E-03  0.1112E-03
  0.5385E-04  0.3076E-04  0.1948E-04  0.1324E-04  0.9488E-05
  0.5430E-05  0.3438E-05  0.2371E-05  0.4630E+02  0.4612E+02
  0.4558E+02  0.4471E+02  0.4351E+02  0.4202E+02  0.4027E+02
  0.3614E+02  0.3147E+02  0.2539E+02  0.1959E+02  0.1449E+02
  0.1030E+02  0.4743E+01  0.2058E+01  0.9478E+00  0.5134E+00
  0.2325E+00  0.1314E+00  0.8597E-01  0.6005E-01  0.4398E-01
  0.3338E-01  0.2607E-01  0.2083E-01  0.1696E-01  0.1404E-01
  0.1177E-01  0.1000E-01  0.7436E-02  0.5725E-02  0.3267E-02
  0.2058E-02  0.1395E-02  0.9966E-03  0.7421E-03  0.5738E-03
  0.2081E-03  0.1007E-03  0.5755E-04  0.3644E-04  0.2478E-04
  0.1775E-04  0.1016E-04  0.6433E-05  0.4440E-05  0.7203E+02
  0.7176E+02  0.7096E+02  0.6964E+02  0.6785E+02  0.6561E+02
  0.6297E+02  0.5675E+02  0.4968E+02  0.4042E+02  0.3150E+02
  0.2358E+02  0.1700E+02  0.8094E+01  0.3648E+01  0.1740E+01
  0.9673E+00  0.4515E+00  0.2578E+00  0.1685E+00  0.1176E+00
  0.8612E-01  0.6536E-01  0.5103E-01  0.4077E-01  0.3320E-01
  0.2747E-01  0.2304E-01  0.1957E-01  0.1455E-01  0.1120E-01
  0.6390E-02  0.4025E-02  0.2728E-02  0.1949E-02  0.1451E-02
  0.1122E-02  0.4070E-03  0.1970E-03  0.1125E-03  0.7128E-04
  0.4846E-04  0.3472E-04  0.1987E-04  0.1258E-04  0.8690E-05
  0.1142E+03  0.1138E+03  0.1126E+03  0.1106E+03  0.1078E+03
  0.1044E+03  0.1004E+03  0.9093E+02  0.8009E+02  0.6578E+02
  0.5187E+02  0.3936E+02  0.2883E+02  0.1423E+02  0.6665E+01
  0.3287E+01  0.1876E+01  0.9100E+00  0.5302E+00  0.3462E+00
  0.2415E+00  0.1767E+00  0.1341E+00  0.1047E+00  0.8361E-01
  0.6807E-01  0.5631E-01  0.4723E-01  0.4012E-01  0.2982E-01
  0.2295E-01  0.1310E-01  0.8248E-02  0.5590E-02  0.3994E-02
  0.2974E-02  0.2300E-02  0.8340E-03  0.4038E-03  0.2306E-03
  0.1460E-03  0.9930E-04  0.7114E-04  0.4071E-04  0.2578E-04
  0.1781E-04  0.1831E+03  0.1825E+03  0.1807E+03  0.1776E+03
  0.1735E+03  0.1683E+03  0.1622E+03  0.1477E+03  0.1310E+03
  0.1089E+03  0.8704E+02  0.6715E+02  0.5013E+02  0.2583E+02
  0.1264E+02  0.6434E+01  0.3735E+01  0.1920E+01  0.1150E+01
  0.7472E+00  0.5209E+00  0.3810E+00  0.2889E+00  0.2255E+00
  0.1801E+00  0.1466E+00  0.1213E+00  0.1017E+00  0.8637E-01
  0.6419E-01  0.4941E-01  0.2819E-01  0.1775E-01  0.1203E-01
  0.8596E-02  0.6401E-02  0.4950E-02  0.1795E-02  0.8689E-03
  0.4963E-03  0.3143E-03  0.2137E-03  0.1531E-03  0.8761E-04
  0.5547E-04  0.3831E-04  0.2943E+03  0.2934E+03  0.2907E+03
  0.2861E+03  0.2799E+03  0.2722E+03  0.2630E+03  0.2411E+03
  0.2157E+03  0.1816E+03  0.1477E+03  0.1162E+03  0.8874E+02
  0.4818E+02  0.2484E+02  0.1314E+02  0.7755E+01  0.3710E+01
  0.2640E+01  0.1756E+01  0.1184E+01  0.8612E+00  0.6529E+00
  0.5094E+00  0.4068E+00  0.3310E+00  0.2738E+00  0.2296E+00
  0.1950E+00  0.1449E+00  0.1115E+00  0.6363E-01  0.4006E-01
  0.2715E-01  0.1940E-01  0.1444E-01  0.1117E-01  0.4050E-02
  0.1961E-02  0.1120E-02  0.7091E-03  0.4821E-03  0.3454E-03
  0.1977E-03  0.1252E-03  0.8645E-04  0.4698E+03  0.4685E+03
  0.4645E+03  0.4579E+03  0.4489E+03  0.4375E+03  0.4240E+03
  0.3918E+03  0.3542E+03  0.3031E+03  0.2513E+03  0.2025E+03
  0.1589E+03  0.9183E+02  0.5054E+02  0.2802E+02  0.1666E+02
  0.7226E+01  0.5404E+01  0.3577E+01  0.2857E+01  0.2132E+01
  0.1555E+01  0.1205E+01  0.9621E+00  0.7829E+00  0.6474E+00
  0.5429E+00  0.4609E+00  0.3425E+00  0.2636E+00  0.1504E+00
  0.9467E-01  0.6415E-01  0.4583E-01  0.3413E-01  0.2640E-01
  0.9570E-02  0.4632E-02  0.2646E-02  0.1675E-02  0.1139E-02
  0.8161E-03  0.4670E-03  0.2957E-03  0.2044E-03  0.7412E+03
  0.7393E+03  0.7336E+03  0.7243E+03  0.7113E+03  0.6952E+03
  0.6761E+03  0.6300E+03  0.5759E+03  0.5014E+03  0.4245E+03
  0.3503E+03  0.2829E+03  0.1758E+03  0.1050E+03  0.6238E+02
  0.3844E+02  0.1600E+02  0.1059E+02  0.7093E+01  0.6179E+01
  0.4593E+01  0.4014E+01  0.3130E+01  0.2503E+01  0.1948E+01
  0.1599E+01  0.1341E+01  0.1138E+01  0.8454E+00  0.6507E+00
  0.3711E+00  0.2336E+00  0.1583E+00  0.1131E+00  0.8420E-01
  0.6513E-01  0.2362E-01  0.1143E-01  0.6527E-02  0.4133E-02
  0.2810E-02  0.2013E-02  0.1152E-02  0.7294E-03  0.5046E-03
  0.1114E+04  0.1112E+04  0.1105E+04  0.1095E+04  0.1080E+04
  0.1061E+04  0.1037E+04  0.9802E+03  0.9116E+03  0.8165E+03
  0.7175E+03  0.6190E+03  0.5234E+03  0.3496E+03  0.2227E+03
  0.1415E+03  0.9087E+02  0.4002E+02  0.2397E+02  0.1551E+02
  0.1233E+02  0.8978E+01  0.8195E+01  0.7095E+01  0.5619E+01
  0.5313E+01  0.4496E+01  0.3743E+01  0.3107E+01  0.2217E+01
  0.1649E+01  0.9404E+00  0.5919E+00  0.4010E+00  0.2865E+00
  0.2133E+00  0.1650E+00  0.5983E-01  0.2895E-01  0.1653E-01
  0.1047E-01  0.7118E-02  0.5100E-02  0.2918E-02  0.1848E-02
  0.1278E-02  0.1661E+04  0.1657E+04  0.1648E+04  0.1635E+04
  0.1617E+04  0.1593E+04  0.1563E+04  0.1492E+04  0.1406E+04
  0.1290E+04  0.1170E+04  0.1049E+04  0.9263E+03  0.6773E+03
  0.4705E+03  0.3249E+03  0.2256E+03  0.1132E+03  0.6600E+02
  0.4141E+02  0.2962E+02  0.2118E+02  0.1748E+02  0.1480E+02
  0.1178E+02  0.1102E+02  0.9299E+01  0.7988E+01  0.7292E+01
  0.6087E+01  0.5121E+01  0.2876E+01  0.1646E+01  0.1098E+01
  0.7840E+00  0.5838E+00  0.4516E+00  0.1637E+00  0.7923E-01
  0.4524E-01  0.2865E-01  0.1948E-01  0.1395E-01  0.7986E-02
  0.5056E-02  0.3491E-02  0.2455E+04  0.2450E+04  0.2439E+04
  0.2421E+04  0.2396E+04  0.2364E+04  0.2326E+04  0.2234E+04
  0.2128E+04  0.1985E+04  0.1841E+04  0.1693E+04  0.1541E+04
  0.1228E+04  0.9434E+03  0.7139E+03  0.5435E+03  0.3198E+03
  0.2014E+03  0.1313E+03  0.9149E+02  0.6531E+02  0.5017E+02
  0.3978E+02  0.3147E+02  0.2688E+02  0.2233E+02  0.1917E+02
  0.1731E+02  0.1414E+02  0.1163E+02  0.6910E+01  0.5352E+01
  0.3480E+01  0.2458E+01  0.1830E+01  0.1416E+01  0.5134E+00
  0.2484E+00  0.1418E+00  0.8979E-01  0.6105E-01  0.4374E-01
  0.2503E-01  0.1584E-01  0.1088E-01  0.3491E+04  0.3485E+04
  0.3472E+04  0.3452E+04  0.3423E+04  0.3386E+04  0.3340E+04
  0.3233E+04  0.3109E+04  0.2939E+04  0.2767E+04  0.2592E+04
  0.2414E+04  0.2042E+04  0.1689E+04  0.1378E+04  0.1122E+04
  0.7522E+03  0.5172E+03  0.3620E+03  0.2609E+03  0.1913E+03
  0.1457E+03  0.1139E+03  0.9008E+02  0.7405E+02  0.6093E+02
  0.5128E+02  0.4446E+02  0.3429E+02  0.2731E+02  0.1611E+02
  0.1259E+02  0.1047E+02  0.7600E+01  0.5429E+01  0.4176E+01
  0.1514E+01  0.7323E+00  0.4181E+00  0.2648E+00  0.1800E+00
  0.1290E+00  0.7380E-01  0.4672E-01  0.3196E-01  0.4782E+04
  0.4776E+04  0.4762E+04  0.4740E+04  0.4710E+04  0.4670E+04
  0.4621E+04  0.4504E+04  0.4368E+04  0.4178E+04  0.3983E+04
  0.3782E+04  0.3575E+04  0.3146E+04  0.2732E+04  0.2352E+04
  0.2015E+04  0.1473E+04  0.1092E+04  0.8120E+03  0.6129E+03
  0.4668E+03  0.3623E+03  0.2858E+03  0.2283E+03  0.1866E+03
  0.1536E+03  0.1286E+03  0.1097E+03  0.8227E+02  0.6419E+02
  0.3757E+02  0.2665E+02  0.2162E+02  0.1630E+02  0.1400E+02
  0.1103E+02  0.3881E+01  0.1875E+01  0.1070E+01  0.6777E+00
  0.4607E+00  0.3301E+00  0.1889E+00  0.1196E+00  0.8166E-01
  0.6370E+04  0.6364E+04  0.6349E+04  0.6325E+04  0.6293E+04
  0.6251E+04  0.6200E+04  0.6078E+04  0.5934E+04  0.5732E+04
  0.5521E+04  0.5300E+04  0.5069E+04  0.4581E+04  0.4107E+04
  0.3663E+04  0.3256E+04  0.2540E+04  0.1986E+04  0.1554E+04
  0.1221E+04  0.9649E+03  0.7691E+03  0.6186E+03  0.5018E+03
  0.4125E+03  0.3424E+03  0.2873E+03  0.2446E+03  0.1820E+03
  0.1406E+03  0.8143E+02  0.5483E+02  0.4081E+02  0.3065E+02
  0.2677E+02  0.2124E+02  0.8699E+01  0.4226E+01  0.2413E+01
  0.1528E+01  0.1038E+01  0.7440E+00  0.4258E+00  0.2695E+00
  0.1838E+00  0.8295E+04  0.8288E+04  0.8273E+04  0.8249E+04
  0.8216E+04  0.8173E+04  0.8120E+04  0.7993E+04  0.7842E+04
  0.7630E+04  0.7408E+04  0.7175E+04  0.6928E+04  0.6391E+04
  0.5855E+04  0.5344E+04  0.4870E+04  0.4000E+04  0.3251E+04
  0.2645E+04  0.2154E+04  0.1754E+04  0.1435E+04  0.1180E+04
  0.9742E+03  0.8112E+03  0.6805E+03  0.5745E+03  0.4912E+03
  0.3664E+03  0.2827E+03  0.1620E+03  0.1065E+03  0.7662E+02
  0.5668E+02  0.4627E+02  0.3664E+02  0.1786E+02  0.8597E+01
  0.4905E+01  0.3106E+01  0.2111E+01  0.1513E+01  0.8657E+00
  0.5480E+00  0.3743E+00  0.1062E+05  0.1062E+05  0.1060E+05
  0.1058E+05  0.1055E+05  0.1050E+05  0.1045E+05  0.1032E+05
  0.1016E+05  0.9939E+04  0.9707E+04  0.9464E+04  0.9203E+04
  0.8633E+04  0.8042E+04  0.7468E+04  0.6921E+04  0.5901E+04
  0.4965E+04  0.4155E+04  0.3482E+04  0.2914E+04  0.2439E+04
  0.2047E+04  0.1722E+04  0.1456E+04  0.1236E+04  0.1054E+04
  0.9068E+03  0.6821E+03  0.5284E+03  0.3025E+03  0.1958E+03
  0.1383E+03  0.1018E+03  0.8044E+02  0.6338E+02  0.3022E+02
  0.1617E+02  0.9258E+01  0.5862E+01  0.3985E+01  0.2855E+01
  0.1634E+01  0.1034E+01  0.7068E+00  0.1345E+05  0.1344E+05
  0.1343E+05  0.1340E+05  0.1337E+05  0.1332E+05  0.1327E+05
  0.1313E+05  0.1297E+05  0.1274E+05  0.1250E+05  0.1225E+05
  0.1198E+05  0.1138E+05  0.1075E+05  0.1012E+05  0.9498E+04
  0.8315E+04  0.7206E+04  0.6180E+04  0.5289E+04  0.4528E+04
  0.3873E+04  0.3310E+04  0.2832E+04  0.2431E+04  0.2091E+04
  0.1803E+04  0.1564E+04  0.1191E+04  0.9291E+03  0.5351E+03
  0.3432E+03  0.2401E+03  0.1759E+03  0.1369E+03  0.1077E+03
  0.4718E+02  0.2875E+02  0.1651E+02  0.1045E+02  0.7107E+01
  0.5092E+01  0.2914E+01  0.1844E+01  0.1260E+01  0.1685E+05
  0.1684E+05  0.1683E+05  0.1680E+05  0.1677E+05  0.1672E+05
  0.1667E+05  0.1653E+05  0.1636E+05  0.1613E+05  0.1588E+05
  0.1562E+05  0.1533E+05  0.1471E+05  0.1404E+05  0.1337E+05
  0.1269E+05  0.1134E+05  0.1004E+05  0.8812E+04  0.7681E+04
  0.6687E+04  0.5825E+04  0.5066E+04  0.4400E+04  0.3828E+04
  0.3336E+04  0.2911E+04  0.2549E+04  0.1969E+04  0.1550E+04
  0.9035E+03  0.5779E+03  0.4015E+03  0.2935E+03  0.2260E+03
  0.1780E+03  0.7449E+02  0.4931E+02  0.2815E+02  0.1782E+02
  0.1211E+02  0.8678E+01  0.4966E+01  0.3143E+01  0.2145E+01
  0.2095E+05  0.2095E+05  0.2093E+05  0.2091E+05  0.2087E+05
  0.2082E+05  0.2076E+05  0.2063E+05  0.2046E+05  0.2021E+05
  0.1996E+05  0.1969E+05  0.1940E+05  0.1874E+05  0.1804E+05
  0.1733E+05  0.1660E+05  0.1510E+05  0.1360E+05  0.1216E+05
  0.1079E+05  0.9528E+04  0.8416E+04  0.7434E+04  0.6553E+04
  0.5774E+04  0.5090E+04  0.4492E+04  0.3973E+04  0.3121E+04
  0.2486E+04  0.1473E+04  0.9432E+03  0.6515E+03  0.4763E+03
  0.3647E+03  0.2870E+03  0.1168E+03  0.7518E+02  0.4633E+02
  0.2938E+02  0.1997E+02  0.1431E+02  0.8189E+01  0.5184E+01
  0.3533E+01  0.2589E+05  0.2589E+05  0.2587E+05  0.2584E+05
  0.2580E+05  0.2576E+05  0.2570E+05  0.2555E+05  0.2538E+05
  0.2513E+05  0.2487E+05  0.2459E+05  0.2429E+05  0.2362E+05
  0.2288E+05  0.2213E+05  0.2136E+05  0.1973E+05  0.1803E+05
  0.1635E+05  0.1473E+05  0.1320E+05  0.1180E+05  0.1055E+05
  0.9425E+04  0.8408E+04  0.7495E+04  0.6682E+04  0.5966E+04
  0.4770E+04  0.3849E+04  0.2326E+04  0.1498E+04  0.1032E+04
  0.7533E+03  0.5762E+03  0.4537E+03  0.1815E+03  0.1079E+03
  0.7474E+02  0.4723E+02  0.3210E+02  0.2300E+02  0.1316E+02
  0.8330E+01  0.5669E+01  0.3182E+05  0.3182E+05  0.3180E+05
  0.3177E+05  0.3173E+05  0.3168E+05  0.3162E+05  0.3148E+05
  0.3130E+05  0.3104E+05  0.3078E+05  0.3049E+05  0.3019E+05
  0.2949E+05  0.2872E+05  0.2793E+05  0.2711E+05  0.2536E+05
  0.2350E+05  0.2158E+05  0.1969E+05  0.1787E+05  0.1616E+05
  0.1460E+05  0.1318E+05  0.1189E+05  0.1072E+05  0.9652E+04
  0.8694E+04  0.7068E+04  0.5783E+04  0.3577E+04  0.2329E+04
  0.1606E+04  0.1168E+04  0.8930E+03  0.7047E+03  0.2795E+03
  0.1577E+03  0.1099E+03  0.7425E+02  0.5055E+02  0.3622E+02
  0.2073E+02  0.1312E+02  0.8910E+01  0.3893E+05  0.3893E+05
  0.3891E+05  0.3888E+05  0.3884E+05  0.3879E+05  0.3873E+05
  0.3858E+05  0.3839E+05  0.3813E+05  0.3786E+05  0.3757E+05
  0.3725E+05  0.3653E+05  0.3574E+05  0.3491E+05  0.3404E+05
  0.3218E+05  0.3016E+05  0.2803E+05  0.2585E+05  0.2372E+05
  0.2169E+05  0.1978E+05  0.1802E+05  0.1642E+05  0.1495E+05
  0.1359E+05  0.1235E+05  0.1020E+05  0.8461E+04  0.5375E+04
  0.3546E+04  0.2455E+04  0.1783E+04  0.1359E+04  0.1076E+04
  0.4254E+03  0.2314E+03  0.1537E+03  0.1154E+03  0.7830E+02
  0.5609E+02  0.3210E+02  0.2032E+02  0.1376E+02  0.4742E+05
  0.4742E+05  0.4740E+05  0.4737E+05  0.4733E+05  0.4728E+05
  0.4721E+05  0.4706E+05  0.4687E+05  0.4660E+05  0.4632E+05
  0.4603E+05  0.4570E+05  0.4497E+05  0.4415E+05  0.4328E+05
  0.4236E+05  0.4039E+05  0.3822E+05  0.3590E+05  0.3345E+05
  0.3099E+05  0.2861E+05  0.2632E+05  0.2419E+05  0.2222E+05
  0.2040E+05  0.1872E+05  0.1716E+05  0.1439E+05  0.1209E+05
  0.7898E+04  0.5294E+04  0.3695E+04  0.2686E+04  0.2039E+04
  0.1616E+04  0.6393E+03  0.3409E+03  0.2198E+03  0.1681E+03
  0.1194E+03  0.8565E+02  0.4901E+02  0.3102E+02  0.2096E+02
