  Ple                   5777.   4.44   0.00   0.09
    50   0.0   0.0    1.0000  0.0001
  46
      6562.817      6562.827      6562.837      6562.847      6562.857
      6562.867      6562.877      6562.897      6562.917      6562.942
      6562.967      6562.992      6563.017      6563.067      6563.117
      6563.167      6563.217      6563.317      6563.417      6563.517
      6563.617      6563.717      6563.817      6563.917      6564.017
      6564.117      6564.217      6564.317      6564.417      6564.617
      6564.817      6565.317      6565.817      6566.317      6566.817
      6567.317      6567.817      6570.317      6572.817      6575.317
      6577.817      6580.317      6582.817      6587.817      6592.817
      6597.817
  0.1141E+00  0.1138E+00  0.1128E+00  0.1111E+00  0.1088E+00
  0.1059E+00  0.1025E+00  0.9436E-01  0.8480E-01  0.7175E-01
  0.5850E-01  0.4594E-01  0.3476E-01  0.1778E-01  0.7815E-02
  0.2946E-02  0.9477E-03  0.5585E-04 -0.1832E-05 -0.2361E-05
 -0.1621E-05 -0.1174E-05 -0.8840E-06 -0.6863E-06 -0.5460E-06
 -0.4431E-06 -0.3656E-06 -0.3062E-06 -0.2594E-06 -0.1923E-06
 -0.1479E-06 -0.8427E-07 -0.5296E-07 -0.3585E-07 -0.2560E-07
 -0.1905E-07 -0.1475E-07 -0.5348E-08 -0.2585E-08 -0.1476E-08
 -0.9342E-09 -0.6351E-09 -0.4550E-09 -0.2604E-09 -0.1648E-09
 -0.3017E-10  0.1505E+00  0.1501E+00  0.1488E+00  0.1466E+00
  0.1436E+00  0.1399E+00  0.1355E+00  0.1248E+00  0.1123E+00
  0.9520E-01  0.7781E-01  0.6130E-01  0.4655E-01  0.2403E-01
  0.1070E-01  0.4101E-02  0.1352E-02  0.9027E-04  0.1232E-05
 -0.1363E-05 -0.9341E-06 -0.6755E-06 -0.5082E-06 -0.3943E-06
 -0.3135E-06 -0.2543E-06 -0.2098E-06 -0.1757E-06 -0.1488E-06
 -0.1103E-06 -0.8479E-07 -0.4831E-07 -0.3035E-07 -0.2054E-07
 -0.1466E-07 -0.1092E-07 -0.8453E-08 -0.3064E-08 -0.1481E-08
 -0.8452E-09 -0.5351E-09 -0.3638E-09 -0.2606E-09 -0.1491E-09
 -0.9440E-10  0.2388E-10  0.1981E+00  0.1975E+00  0.1958E+00
  0.1930E+00  0.1891E+00  0.1842E+00  0.1784E+00  0.1645E+00
  0.1482E+00  0.1259E+00  0.1031E+00  0.8144E-01  0.6203E-01
  0.3227E-01  0.1451E-01  0.5639E-02  0.1893E-02  0.1376E-03
  0.5790E-05  0.2120E-06  0.1499E-06  0.1106E-06  0.8443E-07
  0.6619E-07  0.5304E-07  0.4328E-07  0.3588E-07  0.3013E-07
  0.2564E-07  0.1910E-07  0.1471E-07  0.8403E-08  0.5300E-08
  0.3595E-08  0.2570E-08  0.1914E-08  0.1479E-08  0.5365E-09
  0.2600E-09  0.1486E-09  0.9410E-10  0.6399E-10  0.4584E-10
  0.2623E-10  0.1661E-10  0.1041E-09  0.2598E+00  0.2590E+00
  0.2568E+00  0.2531E+00  0.2481E+00  0.2418E+00  0.2342E+00
  0.2161E+00  0.1949E+00  0.1658E+00  0.1360E+00  0.1077E+00
  0.8224E-01  0.4306E-01  0.1953E-01  0.7675E-02  0.2616E-02
  0.2025E-03  0.1254E-04  0.2668E-05  0.1840E-05  0.1336E-05
  0.1008E-05  0.7840E-06  0.6244E-06  0.5071E-06  0.4188E-06
  0.3509E-06  0.2975E-06  0.2207E-06  0.1698E-06  0.9678E-07
  0.6085E-07  0.4120E-07  0.2943E-07  0.2191E-07  0.1696E-07
  0.6147E-08  0.2973E-08  0.1697E-08  0.1075E-08  0.7305E-09
  0.5234E-09  0.2995E-09  0.1896E-09  0.2223E-09  0.3398E+00
  0.3388E+00  0.3359E+00  0.3312E+00  0.3246E+00  0.3164E+00
  0.3066E+00  0.2831E+00  0.2555E+00  0.2176E+00  0.1789E+00
  0.1419E+00  0.1086E+00  0.5720E-01  0.2613E-01  0.1037E-01
  0.3578E-02  0.2912E-03  0.2248E-04  0.6458E-05  0.4447E-05
  0.3226E-05  0.2433E-05  0.1891E-05  0.1505E-05  0.1222E-05
  0.1009E-05  0.8454E-06  0.7166E-06  0.5315E-06  0.4088E-06
  0.2330E-06  0.1465E-06  0.9918E-07  0.7083E-07  0.5273E-07
  0.4082E-07  0.1480E-07  0.7154E-08  0.4084E-08  0.2586E-08
  0.1758E-08  0.1260E-08  0.7208E-09  0.4563E-09  0.3964E-09
  0.4434E+00  0.4422E+00  0.4384E+00  0.4323E+00  0.4238E+00
  0.4131E+00  0.4005E+00  0.3700E+00  0.3341E+00  0.2850E+00
  0.2346E+00  0.1864E+00  0.1430E+00  0.7570E-01  0.3482E-01
  0.1393E-01  0.4860E-02  0.4128E-03  0.3713E-04  0.1226E-04
  0.8439E-05  0.6120E-05  0.4614E-05  0.3585E-05  0.2854E-05
  0.2317E-05  0.1913E-05  0.1602E-05  0.1358E-05  0.1007E-05
  0.7746E-06  0.4415E-06  0.2775E-06  0.1879E-06  0.1342E-06
  0.9988E-07  0.7732E-07  0.2803E-07  0.1355E-07  0.7737E-08
  0.4898E-08  0.3330E-08  0.2386E-08  0.1365E-08  0.8643E-09
  0.6527E-09  0.5775E+00  0.5759E+00  0.5711E+00  0.5631E+00
  0.5522E+00  0.5384E+00  0.5220E+00  0.4825E+00  0.4361E+00
  0.3723E+00  0.3069E+00  0.2443E+00  0.1878E+00  0.9987E-01
  0.4621E-01  0.1863E-01  0.6565E-02  0.5793E-03  0.5864E-04
  0.2107E-04  0.1450E-04  0.1051E-04  0.7925E-05  0.6157E-05
  0.4901E-05  0.3979E-05  0.3284E-05  0.2751E-05  0.2331E-05
  0.1729E-05  0.1330E-05  0.7579E-06  0.4764E-06  0.3225E-06
  0.2303E-06  0.1714E-06  0.1327E-06  0.4811E-07  0.2326E-07
  0.1328E-07  0.8408E-08  0.5716E-08  0.4095E-08  0.2343E-08
  0.1483E-08  0.1029E-08  0.7504E+00  0.7483E+00  0.7421E+00
  0.7318E+00  0.7176E+00  0.6998E+00  0.6786E+00  0.6276E+00
  0.5676E+00  0.4852E+00  0.4005E+00  0.3193E+00  0.2458E+00
  0.1313E+00  0.6111E-01  0.2481E-01  0.8825E-02  0.8063E-03
  0.8995E-04  0.3430E-04  0.2359E-04  0.1710E-04  0.1289E-04
  0.1001E-04  0.7969E-05  0.6469E-05  0.5340E-05  0.4473E-05
  0.3791E-05  0.2811E-05  0.2162E-05  0.1232E-05  0.7745E-06
  0.5243E-06  0.3744E-06  0.2787E-06  0.2158E-06  0.7822E-07
  0.3782E-07  0.2159E-07  0.1367E-07  0.9292E-08  0.6657E-08
  0.3809E-08  0.2411E-08  0.1579E-08  0.9730E+00  0.9703E+00
  0.9623E+00  0.9490E+00  0.9308E+00  0.9078E+00  0.8805E+00
  0.8148E+00  0.7373E+00  0.6309E+00  0.5214E+00  0.4163E+00
  0.3211E+00  0.1722E+00  0.8058E-01  0.3293E-01  0.1182E-01
  0.1116E-02  0.1354E-03  0.5396E-04  0.3711E-04  0.2690E-04
  0.2027E-04  0.1575E-04  0.1253E-04  0.1017E-04  0.8397E-05
  0.7033E-05  0.5960E-05  0.4419E-05  0.3399E-05  0.1937E-05
  0.1218E-05  0.8242E-06  0.5886E-06  0.4381E-06  0.3392E-06
  0.1230E-06  0.5945E-07  0.3394E-07  0.2149E-07  0.1461E-07
  0.1047E-07  0.5989E-08  0.3791E-08  0.2384E-08  0.1259E+01
  0.1255E+01  0.1245E+01  0.1228E+01  0.1205E+01  0.1175E+01
  0.1140E+01  0.1055E+01  0.9557E+00  0.8185E+00  0.6772E+00
  0.5415E+00  0.4183E+00  0.2253E+00  0.1060E+00  0.4359E-01
  0.1577E-01  0.1536E-02  0.2005E-03  0.8270E-04  0.5687E-04
  0.4121E-04  0.3105E-04  0.2412E-04  0.1919E-04  0.1558E-04
  0.1286E-04  0.1077E-04  0.9128E-05  0.6768E-05  0.5205E-05
  0.2966E-05  0.1864E-05  0.1262E-05  0.9013E-06  0.6709E-06
  0.5194E-06  0.1883E-06  0.9103E-07  0.5196E-07  0.3290E-07
  0.2237E-07  0.1603E-07  0.9170E-08  0.5805E-08  0.3555E-08
  0.1626E+01  0.1622E+01  0.1609E+01  0.1587E+01  0.1557E+01
  0.1519E+01  0.1474E+01  0.1365E+01  0.1237E+01  0.1060E+01
  0.8782E+00  0.7031E+00  0.5441E+00  0.2942E+00  0.1390E+00
  0.5756E-01  0.2100E-01  0.2108E-02  0.2934E-03  0.1244E-03
  0.8551E-04  0.6196E-04  0.4668E-04  0.3626E-04  0.2885E-04
  0.2342E-04  0.1933E-04  0.1619E-04  0.1372E-04  0.1017E-04
  0.7823E-05  0.4458E-05  0.2802E-05  0.1897E-05  0.1354E-05
  0.1008E-05  0.7806E-06  0.2830E-06  0.1368E-06  0.7809E-07
  0.4944E-07  0.3361E-07  0.2408E-07  0.1378E-07  0.8723E-08
  0.5261E-08  0.2098E+01  0.2092E+01  0.2075E+01  0.2047E+01
  0.2009E+01  0.1960E+01  0.1902E+01  0.1763E+01  0.1598E+01
  0.1371E+01  0.1137E+01  0.9117E+00  0.7066E+00  0.3836E+00
  0.1821E+00  0.7586E-01  0.2790E-01  0.2883E-02  0.4256E-03
  0.1847E-03  0.1269E-03  0.9197E-04  0.6929E-04  0.5381E-04
  0.4282E-04  0.3475E-04  0.2869E-04  0.2402E-04  0.2036E-04
  0.1509E-04  0.1161E-04  0.6615E-05  0.4158E-05  0.2814E-05
  0.2010E-05  0.1496E-05  0.1158E-05  0.4198E-06  0.2030E-06
  0.1159E-06  0.7335E-07  0.4987E-07  0.3573E-07  0.2045E-07
  0.1294E-07  0.7744E-08  0.2704E+01  0.2697E+01  0.2675E+01
  0.2639E+01  0.2589E+01  0.2527E+01  0.2453E+01  0.2274E+01
  0.2063E+01  0.1771E+01  0.1471E+01  0.1181E+01  0.9165E+00
  0.4994E+00  0.2383E+00  0.9983E-01  0.3700E-01  0.3933E-02
  0.6132E-03  0.2716E-03  0.1867E-03  0.1352E-03  0.1019E-03
  0.7910E-04  0.6294E-04  0.5108E-04  0.4216E-04  0.3531E-04
  0.2992E-04  0.2218E-04  0.1706E-04  0.9722E-05  0.6110E-05
  0.4136E-05  0.2953E-05  0.2198E-05  0.1702E-05  0.6170E-06
  0.2983E-06  0.1703E-06  0.1078E-06  0.7328E-07  0.5250E-07
  0.3004E-07  0.1902E-07  0.1136E-07  0.3483E+01  0.3474E+01
  0.3446E+01  0.3400E+01  0.3336E+01  0.3256E+01  0.3161E+01
  0.2932E+01  0.2661E+01  0.2287E+01  0.1901E+01  0.1528E+01
  0.1188E+01  0.6498E+00  0.3115E+00  0.1313E+00  0.4904E-01
  0.5363E-02  0.8798E-03  0.3965E-03  0.2724E-03  0.1973E-03
  0.1486E-03  0.1154E-03  0.9182E-04  0.7452E-04  0.6150E-04
  0.5151E-04  0.4364E-04  0.3235E-04  0.2488E-04  0.1418E-04
  0.8912E-05  0.6032E-05  0.4307E-05  0.3206E-05  0.2482E-05
  0.8999E-06  0.4350E-06  0.2483E-06  0.1572E-06  0.1069E-06
  0.7658E-07  0.4382E-07  0.2774E-07  0.1662E-07  0.4486E+01
  0.4474E+01  0.4439E+01  0.4380E+01  0.4298E+01  0.4196E+01
  0.4074E+01  0.3780E+01  0.3433E+01  0.2954E+01  0.2458E+01
  0.1978E+01  0.1540E+01  0.8456E+00  0.4073E+00  0.1727E+00
  0.6502E-01  0.7313E-02  0.1258E-02  0.5760E-03  0.3956E-03
  0.2865E-03  0.2158E-03  0.1676E-03  0.1333E-03  0.1082E-03
  0.8928E-04  0.7477E-04  0.6335E-04  0.4696E-04  0.3612E-04
  0.2058E-04  0.1293E-04  0.8755E-05  0.6252E-05  0.4654E-05
  0.3603E-05  0.1306E-05  0.6314E-06  0.3604E-06  0.2282E-06
  0.1551E-06  0.1111E-06  0.6360E-07  0.4026E-07  0.2432E-07
  0.5785E+01  0.5769E+01  0.5724E+01  0.5648E+01  0.5544E+01
  0.5413E+01  0.5257E+01  0.4879E+01  0.4434E+01  0.3818E+01
  0.3181E+01  0.2564E+01  0.1999E+01  0.1102E+01  0.5332E+00
  0.2275E+00  0.8635E-01  0.9992E-02  0.1800E-02  0.8352E-03
  0.5736E-03  0.4153E-03  0.3128E-03  0.2428E-03  0.1932E-03
  0.1568E-03  0.1294E-03  0.1083E-03  0.9180E-04  0.6805E-04
  0.5233E-04  0.2982E-04  0.1874E-04  0.1269E-04  0.9058E-05
  0.6742E-05  0.5220E-05  0.1892E-05  0.9148E-06  0.5222E-06
  0.3306E-06  0.2248E-06  0.1610E-06  0.9214E-07  0.5833E-07
  0.3561E-07  0.7473E+01  0.7453E+01  0.7394E+01  0.7297E+01
  0.7163E+01  0.6995E+01  0.6794E+01  0.6310E+01  0.5737E+01
  0.4945E+01  0.4125E+01  0.3329E+01  0.2600E+01  0.1438E+01
  0.6997E+00  0.3004E+00  0.1150E+00  0.1369E-01  0.2579E-02
  0.1213E-02  0.8328E-03  0.6029E-03  0.4540E-03  0.3525E-03
  0.2804E-03  0.2275E-03  0.1878E-03  0.1572E-03  0.1332E-03
  0.9874E-04  0.7594E-04  0.4327E-04  0.2719E-04  0.1841E-04
  0.1314E-04  0.9783E-05  0.7575E-05  0.2746E-05  0.1327E-05
  0.7576E-06  0.4797E-06  0.3261E-06  0.2336E-06  0.1337E-06
  0.8463E-07  0.5228E-07  0.9682E+01  0.9657E+01  0.9581E+01
  0.9456E+01  0.9284E+01  0.9067E+01  0.8809E+01  0.8185E+01
  0.7447E+01  0.6425E+01  0.5365E+01  0.4336E+01  0.3392E+01
  0.1884E+01  0.9212E+00  0.3981E+00  0.1536E+00  0.1885E-01
  0.3716E-02  0.1770E-02  0.1215E-02  0.8797E-03  0.6624E-03
  0.5142E-03  0.4090E-03  0.3319E-03  0.2739E-03  0.2293E-03
  0.1943E-03  0.1440E-03  0.1108E-03  0.6311E-04  0.3966E-04
  0.2684E-04  0.1917E-04  0.1427E-04  0.1105E-04  0.4004E-05
  0.1936E-05  0.1105E-05  0.6995E-06  0.4755E-06  0.3407E-06
  0.1950E-06  0.1234E-06  0.7707E-07  0.1260E+02  0.1257E+02
  0.1247E+02  0.1231E+02  0.1209E+02  0.1181E+02  0.1147E+02
  0.1067E+02  0.9710E+01  0.8386E+01  0.7011E+01  0.5675E+01
  0.4448E+01  0.2481E+01  0.1220E+01  0.5307E+00  0.2067E+00
  0.2616E-01  0.5393E-02  0.2603E-02  0.1786E-02  0.1293E-02
  0.9732E-03  0.7554E-03  0.6008E-03  0.4875E-03  0.4023E-03
  0.3369E-03  0.2854E-03  0.2115E-03  0.1627E-03  0.9269E-04
  0.5824E-04  0.3942E-04  0.2815E-04  0.2095E-04  0.1622E-04
  0.5881E-05  0.2843E-05  0.1623E-05  0.1027E-05  0.6984E-06
  0.5004E-06  0.2863E-06  0.1812E-06  0.1144E-06  0.1649E+02
  0.1645E+02  0.1632E+02  0.1611E+02  0.1582E+02  0.1546E+02
  0.1502E+02  0.1397E+02  0.1273E+02  0.1101E+02  0.9216E+01
  0.7471E+01  0.5866E+01  0.3287E+01  0.1625E+01  0.7123E+00
  0.2801E+00  0.3663E-01  0.7896E-02  0.3857E-02  0.2646E-02
  0.1915E-02  0.1441E-02  0.1119E-02  0.8897E-03  0.7219E-03
  0.5957E-03  0.4988E-03  0.4225E-03  0.3132E-03  0.2408E-03
  0.1372E-03  0.8622E-04  0.5836E-04  0.4167E-04  0.3102E-04
  0.2402E-04  0.8706E-05  0.4208E-05  0.2402E-05  0.1521E-05
  0.1034E-05  0.7407E-06  0.4238E-06  0.2683E-06  0.1710E-06
  0.2176E+02  0.2170E+02  0.2153E+02  0.2126E+02  0.2088E+02
  0.2040E+02  0.1983E+02  0.1846E+02  0.1683E+02  0.1457E+02
  0.1221E+02  0.9919E+01  0.7804E+01  0.4394E+01  0.2186E+01
  0.9659E+00  0.3838E+00  0.5197E-01  0.1171E-01  0.5778E-02
  0.3963E-02  0.2867E-02  0.2158E-02  0.1675E-02  0.1332E-02
  0.1081E-02  0.8916E-03  0.7465E-03  0.6324E-03  0.4687E-03
  0.3604E-03  0.2054E-03  0.1290E-03  0.8733E-04  0.6235E-04
  0.4641E-04  0.3594E-04  0.1303E-04  0.6297E-05  0.3594E-05
  0.2275E-05  0.1547E-05  0.1108E-05  0.6342E-06  0.4014E-06
  0.2587E-06  0.2900E+02  0.2892E+02  0.2870E+02  0.2834E+02
  0.2784E+02  0.2721E+02  0.2646E+02  0.2464E+02  0.2248E+02
  0.1949E+02  0.1636E+02  0.1331E+02  0.1050E+02  0.5944E+01
  0.2978E+01  0.1328E+01  0.5338E+00  0.7504E-01  0.1763E-01
  0.8771E-02  0.6014E-02  0.4350E-02  0.3274E-02  0.2540E-02
  0.2020E-02  0.1639E-02  0.1352E-02  0.1132E-02  0.9589E-03
  0.7106E-03  0.5464E-03  0.3113E-03  0.1956E-03  0.1324E-03
  0.9452E-04  0.7036E-04  0.5448E-04  0.1975E-04  0.9545E-05
  0.5448E-05  0.3449E-05  0.2345E-05  0.1680E-05  0.9614E-06
  0.6085E-06  0.3970E-06  0.3911E+02  0.3901E+02  0.3872E+02
  0.3823E+02  0.3757E+02  0.3672E+02  0.3572E+02  0.3329E+02
  0.3040E+02  0.2639E+02  0.2220E+02  0.1810E+02  0.1431E+02
  0.8150E+01  0.4114E+01  0.1852E+01  0.7533E+00  0.1098E+00
  0.2689E-01  0.1353E-01  0.9277E-02  0.6709E-02  0.5048E-02
  0.3916E-02  0.3114E-02  0.2526E-02  0.2084E-02  0.1745E-02
  0.1478E-02  0.1095E-02  0.8421E-03  0.4798E-03  0.3014E-03
  0.2040E-03  0.1457E-03  0.1084E-03  0.8395E-04  0.3043E-04
  0.1471E-04  0.8395E-05  0.5315E-05  0.3613E-05  0.2589E-05
  0.1481E-05  0.9376E-06  0.6193E-06  0.5351E+02  0.5338E+02
  0.5298E+02  0.5233E+02  0.5142E+02  0.5028E+02  0.4892E+02
  0.4563E+02  0.4172E+02  0.3627E+02  0.3057E+02  0.2498E+02
  0.1980E+02  0.1135E+02  0.5778E+01  0.2627E+01  0.1083E+01
  0.1639E+00  0.4181E-01  0.2132E-01  0.1461E-01  0.1056E-01
  0.7944E-02  0.6162E-02  0.4899E-02  0.3974E-02  0.3278E-02
  0.2745E-02  0.2325E-02  0.1722E-02  0.1324E-02  0.7546E-03
  0.4740E-03  0.3208E-03  0.2290E-03  0.1705E-03  0.1320E-03
  0.4786E-04  0.2313E-04  0.1320E-04  0.8357E-05  0.5682E-05
  0.4071E-05  0.2329E-05  0.1474E-05  0.9850E-06  0.7450E+02
  0.7432E+02  0.7377E+02  0.7287E+02  0.7163E+02  0.7006E+02
  0.6819E+02  0.6365E+02  0.5826E+02  0.5074E+02  0.4286E+02
  0.3512E+02  0.2792E+02  0.1613E+02  0.8285E+01  0.3810E+01
  0.1593E+01  0.2511E+00  0.6672E-01  0.3449E-01  0.2362E-01
  0.1707E-01  0.1284E-01  0.9959E-02  0.7917E-02  0.6421E-02
  0.5297E-02  0.4434E-02  0.3755E-02  0.2782E-02  0.2139E-02
  0.1219E-02  0.7656E-03  0.5181E-03  0.3699E-03  0.2753E-03
  0.2132E-03  0.7729E-04  0.3735E-04  0.2132E-04  0.1350E-04
  0.9175E-05  0.6574E-05  0.3762E-05  0.2381E-05  0.1604E-05
  0.1059E+03  0.1056E+03  0.1048E+03  0.1036E+03  0.1018E+03
  0.9963E+02  0.9701E+02  0.9064E+02  0.8307E+02  0.7250E+02
  0.6139E+02  0.5045E+02  0.4024E+02  0.2344E+02  0.1217E+02
  0.5669E+01  0.2409E+01  0.3972E+00  0.1102E+00  0.5768E-01
  0.3948E-01  0.2852E-01  0.2145E-01  0.1663E-01  0.1322E-01
  0.1072E-01  0.8843E-02  0.7402E-02  0.6269E-02  0.4644E-02
  0.3571E-02  0.2034E-02  0.1278E-02  0.8646E-03  0.6173E-03
  0.4595E-03  0.3558E-03  0.1290E-03  0.6233E-04  0.3557E-04
  0.2252E-04  0.1531E-04  0.1097E-04  0.6277E-05  0.3973E-05
  0.2687E-05  0.1539E+03  0.1536E+03  0.1525E+03  0.1507E+03
  0.1482E+03  0.1450E+03  0.1413E+03  0.1322E+03  0.1213E+03
  0.1061E+03  0.9012E+02  0.7431E+02  0.5951E+02  0.3500E+02
  0.1839E+02  0.8695E+01  0.3760E+01  0.6483E+00  0.1868E+00
  0.1000E+00  0.6841E-01  0.4940E-01  0.3713E-01  0.2879E-01
  0.2288E-01  0.1855E-01  0.1530E-01  0.1281E-01  0.1084E-01
  0.8033E-02  0.6176E-02  0.3518E-02  0.2210E-02  0.1495E-02
  0.1068E-02  0.7946E-03  0.6154E-03  0.2231E-03  0.1078E-03
  0.6152E-04  0.3894E-04  0.2648E-04  0.1897E-04  0.1085E-04
  0.6870E-05  0.4651E-05  0.2295E+03  0.2290E+03  0.2274E+03
  0.2247E+03  0.2211E+03  0.2165E+03  0.2110E+03  0.1976E+03
  0.1817E+03  0.1594E+03  0.1358E+03  0.1124E+03  0.9045E+02
  0.5379E+02  0.2866E+02  0.1379E+02  0.6085E+01  0.1101E+01
  0.3293E+00  0.1800E+00  0.1230E+00  0.8879E-01  0.6672E-01
  0.5172E-01  0.4109E-01  0.3332E-01  0.2747E-01  0.2300E-01
  0.1947E-01  0.1442E-01  0.1109E-01  0.6315E-02  0.3966E-02
  0.2684E-02  0.1916E-02  0.1426E-02  0.1104E-02  0.4003E-03
  0.1934E-03  0.1104E-03  0.6988E-04  0.4751E-04  0.3404E-04
  0.1948E-04  0.1233E-04  0.8348E-05  0.3514E+03  0.3506E+03
  0.3482E+03  0.3442E+03  0.3388E+03  0.3319E+03  0.3236E+03
  0.3036E+03  0.2797E+03  0.2461E+03  0.2105E+03  0.1750E+03
  0.1415E+03  0.8525E+02  0.4615E+02  0.2263E+02  0.1021E+02
  0.1943E+01  0.6012E+00  0.3382E+00  0.2310E+00  0.1666E+00
  0.1252E+00  0.9700E-01  0.7705E-01  0.6246E-01  0.5150E-01
  0.4310E-01  0.3649E-01  0.2702E-01  0.2077E-01  0.1183E-01
  0.7430E-02  0.5027E-02  0.3589E-02  0.2671E-02  0.2069E-02
  0.7498E-03  0.3623E-03  0.2068E-03  0.1309E-03  0.8898E-04
  0.6375E-04  0.3648E-04  0.2309E-04  0.1562E-04  0.5510E+03
  0.5498E+03  0.5461E+03  0.5401E+03  0.5318E+03  0.5213E+03
  0.5087E+03  0.4781E+03  0.4414E+03  0.3897E+03  0.3348E+03
  0.2799E+03  0.2277E+03  0.1392E+03  0.7681E+02  0.3854E+02
  0.1788E+02  0.3625E+01  0.1165E+01  0.6702E+00  0.4531E+00
  0.3267E+00  0.2453E+00  0.1900E+00  0.1509E+00  0.1223E+00
  0.1008E+00  0.8437E-01  0.7142E-01  0.5287E-01  0.4065E-01
  0.2315E-01  0.1454E-01  0.9834E-02  0.7020E-02  0.5224E-02
  0.4047E-02  0.1467E-02  0.7086E-03  0.4044E-03  0.2560E-03
  0.1740E-03  0.1247E-03  0.7135E-04  0.4516E-04  0.3055E-04
  0.8820E+03  0.8801E+03  0.8745E+03  0.8651E+03  0.8522E+03
  0.8359E+03  0.8164E+03  0.7688E+03  0.7117E+03  0.6310E+03
  0.5448E+03  0.4582E+03  0.3755E+03  0.2335E+03  0.1316E+03
  0.6779E+02  0.3240E+02  0.6935E+01  0.2251E+01  0.1311E+01
  0.9421E+00  0.6709E+00  0.5035E+00  0.3899E+00  0.3095E+00
  0.2508E+00  0.2067E+00  0.1730E+00  0.1464E+00  0.1084E+00
  0.8330E-01  0.4744E-01  0.2978E-01  0.2015E-01  0.1438E-01
  0.1070E-01  0.8291E-02  0.3005E-02  0.1452E-02  0.8284E-03
  0.5244E-03  0.3565E-03  0.2554E-03  0.1462E-03  0.9250E-04
  0.6253E-04  0.1433E+04  0.1430E+04  0.1421E+04  0.1406E+04
  0.1386E+04  0.1361E+04  0.1330E+04  0.1255E+04  0.1166E+04
  0.1039E+04  0.9020E+03  0.7640E+03  0.6313E+03  0.4007E+03
  0.2317E+03  0.1231E+03  0.6092E+02  0.1387E+02  0.4477E+01
  0.2367E+01  0.1930E+01  0.1467E+01  0.1084E+01  0.8389E+00
  0.6658E+00  0.5394E+00  0.4445E+00  0.3719E+00  0.3147E+00
  0.2329E+00  0.1790E+00  0.1019E+00  0.6398E-01  0.4328E-01
  0.3089E-01  0.2299E-01  0.1781E-01  0.6455E-02  0.3118E-02
  0.1779E-02  0.1126E-02  0.7656E-03  0.5486E-03  0.3139E-03
  0.1987E-03  0.1343E-03  0.2341E+04  0.2337E+04  0.2323E+04
  0.2300E+04  0.2269E+04  0.2229E+04  0.2181E+04  0.2065E+04
  0.1924E+04  0.1724E+04  0.1508E+04  0.1289E+04  0.1075E+04
  0.6998E+03  0.4178E+03  0.2309E+03  0.1198E+03  0.3004E+02
  0.9683E+01  0.4679E+01  0.3635E+01  0.3146E+01  0.2496E+01
  0.1894E+01  0.1503E+01  0.1217E+01  0.1003E+01  0.8387E+00
  0.7096E+00  0.5250E+00  0.4035E+00  0.2297E+00  0.1442E+00
  0.9751E-01  0.6959E-01  0.5179E-01  0.4013E-01  0.1454E-01
  0.7024E-02  0.4008E-02  0.2537E-02  0.1725E-02  0.1236E-02
  0.7071E-03  0.4475E-03  0.3027E-03  0.3825E+04  0.3818E+04
  0.3797E+04  0.3762E+04  0.3713E+04  0.3652E+04  0.3579E+04
  0.3399E+04  0.3182E+04  0.2870E+04  0.2532E+04  0.2185E+04
  0.1846E+04  0.1237E+04  0.7671E+03  0.4443E+03  0.2438E+03
  0.6858E+02  0.2251E+02  0.9491E+01  0.7462E+01  0.6341E+01
  0.5613E+01  0.4695E+01  0.3734E+01  0.2948E+01  0.2371E+01
  0.1983E+01  0.1677E+01  0.1240E+01  0.9532E+00  0.5426E+00
  0.3405E+00  0.2303E+00  0.1643E+00  0.1223E+00  0.9475E-01
  0.3434E-01  0.1658E-01  0.9462E-02  0.5990E-02  0.4072E-02
  0.2917E-02  0.1669E-02  0.1056E-02  0.7145E-03  0.6198E+04
  0.6188E+04  0.6156E+04  0.6104E+04  0.6031E+04  0.5940E+04
  0.5829E+04  0.5559E+04  0.5230E+04  0.4756E+04  0.4238E+04
  0.3702E+04  0.3171E+04  0.2201E+04  0.1428E+04  0.8744E+03
  0.5130E+03  0.1686E+03  0.6165E+02  0.2709E+02  0.1720E+02
  0.1117E+02  0.1116E+02  0.1008E+02  0.7688E+01  0.6860E+01
  0.6209E+01  0.5043E+01  0.4136E+01  0.3058E+01  0.2350E+01
  0.1338E+01  0.8391E+00  0.5674E+00  0.4049E+00  0.3013E+00
  0.2335E+00  0.8461E-01  0.4085E-01  0.2331E-01  0.1475E-01
  0.1003E-01  0.7186E-02  0.4112E-02  0.2602E-02  0.1760E-02
  0.9897E+04  0.9881E+04  0.9836E+04  0.9760E+04  0.9655E+04
  0.9522E+04  0.9363E+04  0.8969E+04  0.8489E+04  0.7793E+04
  0.7026E+04  0.6223E+04  0.5418E+04  0.3915E+04  0.2672E+04
  0.1740E+04  0.1096E+04  0.4230E+03  0.1773E+03  0.7608E+02
  0.4692E+02  0.3079E+02  0.2281E+02  0.1678E+02  0.1516E+02
  0.1414E+02  0.1296E+02  0.1262E+02  0.1176E+02  0.8392E+01
  0.6303E+01  0.3383E+01  0.2122E+01  0.1435E+01  0.1024E+01
  0.7617E+00  0.5903E+00  0.2139E+00  0.1033E+00  0.5892E-01
  0.3729E-01  0.2535E-01  0.1816E-01  0.1039E-01  0.6577E-02
  0.4447E-02  0.1561E+05  0.1559E+05  0.1552E+05  0.1542E+05
  0.1527E+05  0.1508E+05  0.1486E+05  0.1431E+05  0.1364E+05
  0.1266E+05  0.1156E+05  0.1040E+05  0.9221E+04  0.6952E+04
  0.5007E+04  0.3498E+04  0.2389E+04  0.1093E+04  0.5291E+03
  0.2669E+03  0.1578E+03  0.1078E+03  0.7724E+02  0.4928E+02
  0.4042E+02  0.3544E+02  0.2623E+02  0.2109E+02  0.2064E+02
  0.1800E+02  0.1565E+02  0.9504E+01  0.5789E+01  0.3913E+01
  0.2792E+01  0.2077E+01  0.1610E+01  0.5835E+00  0.2816E+00
  0.1607E+00  0.1017E+00  0.6913E-01  0.4953E-01  0.2834E-01
  0.1793E-01  0.1212E-01  0.2353E+05  0.2351E+05  0.2346E+05
  0.2335E+05  0.2319E+05  0.2298E+05  0.2271E+05  0.2202E+05
  0.2118E+05  0.1994E+05  0.1857E+05  0.1710E+05  0.1560E+05
  0.1264E+05  0.9878E+04  0.7386E+04  0.5429E+04  0.2894E+04
  0.1586E+04  0.9094E+03  0.5702E+03  0.3968E+03  0.2873E+03
  0.2021E+03  0.1581E+03  0.1299E+03  0.1002E+03  0.7399E+02
  0.6005E+02  0.4544E+02  0.3293E+02  0.2922E+02  0.1833E+02
  0.1213E+02  0.8655E+01  0.6439E+01  0.4992E+01  0.1809E+01
  0.8729E+00  0.4979E+00  0.3151E+00  0.2142E+00  0.1535E+00
  0.8782E-01  0.5557E-01  0.3760E-01  0.3463E+05  0.3460E+05
  0.3451E+05  0.3437E+05  0.3417E+05  0.3391E+05  0.3357E+05
  0.3271E+05  0.3167E+05  0.3016E+05  0.2847E+05  0.2669E+05
  0.2491E+05  0.2135E+05  0.1781E+05  0.1427E+05  0.1115E+05
  0.6776E+04  0.4181E+04  0.2651E+04  0.1767E+04  0.1248E+04
  0.9123E+03  0.6772E+03  0.5290E+03  0.4248E+03  0.3382E+03
  0.2662E+03  0.2174E+03  0.1572E+03  0.1071E+03  0.6600E+02
  0.5312E+02  0.3761E+02  0.2561E+02  0.1884E+02  0.1461E+02
  0.5293E+01  0.2553E+01  0.1456E+01  0.9217E+00  0.6265E+00
  0.4489E+00  0.2568E+00  0.1625E+00  0.1100E+00  0.4963E+05
  0.4956E+05  0.4942E+05  0.4919E+05  0.4890E+05  0.4854E+05
  0.4810E+05  0.4700E+05  0.4570E+05  0.4385E+05  0.4182E+05
  0.3968E+05  0.3755E+05  0.3327E+05  0.2895E+05  0.2452E+05
  0.2023E+05  0.1360E+05  0.9200E+04  0.6308E+04  0.4434E+04
  0.3218E+04  0.2397E+04  0.1820E+04  0.1427E+04  0.1143E+04
  0.9209E+03  0.7479E+03  0.6202E+03  0.4472E+03  0.3239E+03
  0.1703E+03  0.1039E+03  0.7430E+02  0.6411E+02  0.4834E+02
  0.3723E+02  0.1349E+02  0.6506E+01  0.3711E+01  0.2348E+01
  0.1596E+01  0.1144E+01  0.6544E+00  0.4140E+00  0.2802E+00
  0.6853E+05  0.6846E+05  0.6829E+05  0.6802E+05  0.6766E+05
  0.6722E+05  0.6668E+05  0.6532E+05  0.6373E+05  0.6151E+05
  0.5911E+05  0.5657E+05  0.5408E+05  0.4900E+05  0.4386E+05
  0.3853E+05  0.3320E+05  0.2405E+05  0.1744E+05  0.1267E+05
  0.9346E+04  0.7008E+04  0.5337E+04  0.4124E+04  0.3266E+04
  0.2630E+04  0.2137E+04  0.1758E+04  0.1467E+04  0.1059E+04
  0.7870E+03  0.4199E+03  0.2389E+03  0.1568E+03  0.1217E+03
  0.1067E+03  0.8404E+02  0.3027E+02  0.1460E+02  0.8324E+01
  0.5268E+01  0.3581E+01  0.2566E+01  0.1468E+01  0.9288E+00
  0.6287E+00  0.9179E+05  0.9171E+05  0.9154E+05  0.9125E+05
  0.9086E+05  0.9038E+05  0.8977E+05  0.8823E+05  0.8640E+05
  0.8381E+05  0.8097E+05  0.7799E+05  0.7509E+05  0.6920E+05
  0.6321E+05  0.5693E+05  0.5059E+05  0.3890E+05  0.2965E+05
  0.2261E+05  0.1732E+05  0.1341E+05  0.1047E+05  0.8245E+04
  0.6604E+04  0.5361E+04  0.4396E+04  0.3646E+04  0.3058E+04
  0.2222E+04  0.1668E+04  0.9038E+03  0.5366E+03  0.3489E+03
  0.2346E+03  0.1861E+03  0.1669E+03  0.6158E+02  0.2966E+02
  0.1691E+02  0.1070E+02  0.7275E+01  0.5212E+01  0.2982E+01
  0.1887E+01  0.1277E+01  0.1202E+06  0.1201E+06  0.1199E+06
  0.1196E+06  0.1192E+06  0.1187E+06  0.1180E+06  0.1164E+06
  0.1144E+06  0.1115E+06  0.1083E+06  0.1049E+06  0.1015E+06
  0.9469E+05  0.8777E+05  0.8053E+05  0.7315E+05  0.5900E+05
  0.4672E+05  0.3701E+05  0.2932E+05  0.2331E+05  0.1863E+05
  0.1499E+05  0.1217E+05  0.9979E+04  0.8252E+04  0.6905E+04
  0.5821E+04  0.4263E+04  0.3226E+04  0.1764E+04  0.1061E+04
  0.6979E+03  0.4730E+03  0.3350E+03  0.2710E+03  0.1151E+03
  0.5593E+02  0.3189E+02  0.2018E+02  0.1372E+02  0.9830E+01
  0.5624E+01  0.3558E+01  0.2407E+01  0.1546E+06  0.1545E+06
  0.1543E+06  0.1540E+06  0.1535E+06  0.1530E+06  0.1523E+06
  0.1505E+06  0.1484E+06  0.1453E+06  0.1419E+06  0.1381E+06
  0.1342E+06  0.1264E+06  0.1184E+06  0.1102E+06  0.1017E+06
  0.8514E+05  0.6971E+05  0.5677E+05  0.4633E+05  0.3773E+05
  0.3079E+05  0.2526E+05  0.2083E+05  0.1728E+05  0.1443E+05
  0.1216E+05  0.1032E+05  0.7619E+04  0.5808E+04  0.3209E+04
  0.1943E+04  0.1282E+04  0.8848E+03  0.6300E+03  0.4670E+03
  0.2042E+03  0.9948E+02  0.5672E+02  0.3590E+02  0.2440E+02
  0.1748E+02  0.1000E+02  0.6328E+01  0.4281E+01  0.1961E+06
  0.1960E+06  0.1957E+06  0.1954E+06  0.1949E+06  0.1943E+06
  0.1936E+06  0.1917E+06  0.1895E+06  0.1862E+06  0.1825E+06
  0.1784E+06  0.1743E+06  0.1654E+06  0.1563E+06  0.1469E+06
  0.1373E+06  0.1182E+06  0.9974E+05  0.8310E+05  0.6934E+05
  0.5782E+05  0.4810E+05  0.4012E+05  0.3359E+05  0.2824E+05
  0.2384E+05  0.2026E+05  0.1729E+05  0.1289E+05  0.9898E+04
  0.5535E+04  0.3368E+04  0.2227E+04  0.1547E+04  0.1115E+04
  0.8428E+03  0.3481E+03  0.1690E+03  0.9639E+02  0.6099E+02
  0.4146E+02  0.2971E+02  0.1700E+02  0.1075E+02  0.7278E+01
  0.2459E+06  0.2458E+06  0.2456E+06  0.2452E+06  0.2447E+06
  0.2441E+06  0.2433E+06  0.2414E+06  0.2390E+06  0.2356E+06
  0.2316E+06  0.2273E+06  0.2228E+06  0.2132E+06  0.2031E+06
  0.1923E+06  0.1813E+06  0.1596E+06  0.1381E+06  0.1177E+06
  0.9985E+05  0.8490E+05  0.7200E+05  0.6099E+05  0.5179E+05
  0.4409E+05  0.3765E+05  0.3230E+05  0.2779E+05  0.2093E+05
  0.1619E+05  0.9171E+04  0.5622E+04  0.3718E+04  0.2594E+04
  0.1882E+04  0.1431E+04  0.5740E+03  0.2778E+03  0.1584E+03
  0.1002E+03  0.6813E+02  0.4882E+02  0.2793E+02  0.1767E+02
  0.1197E+02  0.3057E+06  0.3056E+06  0.3054E+06  0.3050E+06
  0.3045E+06  0.3038E+06  0.3030E+06  0.3010E+06  0.2986E+06
  0.2950E+06  0.2908E+06  0.2862E+06  0.2815E+06  0.2713E+06
  0.2602E+06  0.2481E+06  0.2357E+06  0.2108E+06  0.1863E+06
  0.1622E+06  0.1398E+06  0.1206E+06  0.1040E+06  0.8955E+05
  0.7703E+05  0.6637E+05  0.5732E+05  0.4965E+05  0.4308E+05
  0.3287E+05  0.2564E+05  0.1471E+05  0.9101E+04  0.6033E+04
  0.4215E+04  0.3073E+04  0.2346E+04  0.9063E+03  0.4447E+03
  0.2537E+03  0.1605E+03  0.1091E+03  0.7818E+02  0.4473E+02
  0.2830E+02  0.1917E+02  0.3773E+06  0.3772E+06  0.3770E+06
  0.3766E+06  0.3761E+06  0.3754E+06  0.3746E+06  0.3725E+06
  0.3700E+06  0.3662E+06  0.3618E+06  0.3569E+06  0.3519E+06
  0.3412E+06  0.3293E+06  0.3161E+06  0.3023E+06  0.2740E+06
  0.2459E+06  0.2182E+06  0.1913E+06  0.1670E+06  0.1460E+06
  0.1276E+06  0.1113E+06  0.9693E+05  0.8461E+05  0.7402E+05
  0.6481E+05  0.5014E+05  0.3948E+05  0.2297E+05  0.1435E+05
  0.9569E+04  0.6692E+04  0.4887E+04  0.3742E+04  0.1393E+04
  0.6970E+03  0.3980E+03  0.2518E+03  0.1712E+03  0.1227E+03
  0.7017E+02  0.4439E+02  0.3009E+02  0.4628E+06  0.4627E+06
  0.4625E+06  0.4621E+06  0.4615E+06  0.4609E+06  0.4600E+06
  0.4579E+06  0.4552E+06  0.4513E+06  0.4467E+06  0.4416E+06
  0.4363E+06  0.4249E+06  0.4123E+06  0.3982E+06  0.3832E+06
  0.3515E+06  0.3193E+06  0.2875E+06  0.2564E+06  0.2268E+06
  0.2003E+06  0.1771E+06  0.1565E+06  0.1380E+06  0.1217E+06
  0.1074E+06  0.9491E+05  0.7454E+05  0.5934E+05  0.3510E+05
  0.2215E+05  0.1486E+05  0.1043E+05  0.7621E+04  0.5839E+04
  0.2125E+04  0.1075E+04  0.6138E+03  0.3884E+03  0.2640E+03
  0.1892E+03  0.1082E+03  0.6846E+02  0.4641E+02  0.5645E+06
  0.5644E+06  0.5642E+06  0.5638E+06  0.5633E+06  0.5626E+06
  0.5617E+06  0.5595E+06  0.5568E+06  0.5527E+06  0.5480E+06
  0.5426E+06  0.5370E+06  0.5251E+06  0.5117E+06  0.4966E+06
  0.4805E+06  0.4459E+06  0.4094E+06  0.3729E+06  0.3372E+06
  0.3026E+06  0.2700E+06  0.2409E+06  0.2152E+06  0.1921E+06
  0.1711E+06  0.1524E+06  0.1357E+06  0.1083E+06  0.8725E+05
  0.5259E+05  0.3353E+05  0.2266E+05  0.1599E+05  0.1171E+05
  0.8968E+04  0.3217E+04  0.1622E+04  0.9332E+03  0.5906E+03
  0.4014E+03  0.2877E+03  0.1646E+03  0.1041E+03  0.7057E+02
