  Ple                   3488.   0.71   0.22   0.09
    50   0.0   0.0    1.0000  0.0001
  46
      3970.070      3970.080      3970.090      3970.100      3970.110
      3970.120      3970.130      3970.150      3970.170      3970.195
      3970.220      3970.245      3970.270      3970.320      3970.370
      3970.420      3970.470      3970.570      3970.670      3970.770
      3970.870      3970.970      3971.070      3971.170      3971.270
      3971.370      3971.470      3971.570      3971.670      3971.870
      3972.070      3972.570      3973.070      3973.570      3974.070
      3974.570      3975.070      3977.570      3980.070      3982.570
      3985.070      3987.570      3990.070      3995.070      4000.070
      4005.070
  0.2152E-10  0.2122E-10  0.2034E-10  0.1893E-10  0.1720E-10
  0.1514E-10  0.1302E-10  0.8803E-11  0.5305E-11  0.2385E-11
  0.8839E-12  0.2657E-12  0.6258E-13  0.8280E-15 -0.1031E-15
 -0.1056E-16 -0.5634E-17 -0.4528E-17 -0.2206E-17 -0.1642E-17
 -0.1219E-17 -0.9697E-18 -0.7739E-18 -0.6422E-18 -0.5351E-18
 -0.4572E-18 -0.3921E-18 -0.3422E-18 -0.2997E-18 -0.2366E-18
 -0.1915E-18 -0.1225E-18 -0.8498E-19 -0.6235E-19 -0.4780E-19
 -0.3775E-19 -0.3059E-19 -0.1352E-19 -0.7653E-20 -0.4923E-20
 -0.3442E-20 -0.2539E-20 -0.1944E-20 -0.1200E-20 -0.8911E-21
 -0.6348E-21  0.4654E-10  0.4594E-10  0.4413E-10  0.4125E-10
  0.3768E-10  0.3343E-10  0.2899E-10  0.2009E-10  0.1253E-10
  0.5975E-11  0.2412E-11  0.8228E-12  0.2365E-12  0.1148E-13
  0.2527E-15 -0.2214E-17 -0.2764E-17 -0.2652E-17 -0.1035E-17
 -0.7700E-18 -0.5713E-18 -0.4544E-18 -0.3626E-18 -0.3008E-18
 -0.2506E-18 -0.2141E-18 -0.1836E-18 -0.1603E-18 -0.1403E-18
 -0.1108E-18 -0.8965E-19 -0.5741E-19 -0.3980E-19 -0.2916E-19
 -0.2240E-19 -0.1768E-19 -0.1434E-19 -0.6301E-20 -0.3592E-20
 -0.2324E-20 -0.1638E-20 -0.1213E-20 -0.9289E-21 -0.5508E-21
 -0.4399E-21 -0.3033E-21  0.8952E-10  0.8839E-10  0.8501E-10
  0.7962E-10  0.7290E-10  0.6490E-10  0.5652E-10  0.3959E-10
  0.2503E-10  0.1222E-10  0.5088E-11  0.1805E-11  0.5458E-12
  0.3078E-13  0.9146E-15  0.1443E-16  0.3240E-17  0.1311E-17
  0.1400E-17  0.1043E-17  0.7749E-18  0.6169E-18  0.4924E-18
  0.4089E-18  0.3407E-18  0.2912E-18  0.2498E-18  0.2180E-18
  0.1910E-18  0.1507E-18  0.1220E-18  0.7801E-19  0.5412E-19
  0.3983E-19  0.3040E-19  0.2403E-19  0.1944E-19  0.8709E-20
  0.4850E-20  0.3079E-20  0.2114E-20  0.1543E-20  0.1181E-20
  0.7998E-21  0.4981E-21  0.3857E-21  0.1657E-09  0.1636E-09
  0.1575E-09  0.1477E-09  0.1354E-09  0.1208E-09  0.1054E-09
  0.7434E-10  0.4740E-10  0.2345E-10  0.9925E-11  0.3593E-11
  0.1113E-11  0.6691E-13  0.2185E-14  0.4878E-16  0.1622E-16
  0.9868E-17  0.6630E-17  0.4936E-17  0.3666E-17  0.2918E-17
  0.2329E-17  0.1933E-17  0.1611E-17  0.1376E-17  0.1181E-17
  0.1030E-17  0.9026E-18  0.7124E-18  0.5767E-18  0.3688E-18
  0.2558E-18  0.1880E-18  0.1438E-18  0.1136E-18  0.9199E-19
  0.4094E-19  0.2298E-19  0.1468E-19  0.1017E-19  0.7463E-20
  0.5713E-20  0.3700E-20  0.2512E-20  0.1866E-20  0.3006E-09
  0.2969E-09  0.2859E-09  0.2683E-09  0.2463E-09  0.2201E-09
  0.1924E-09  0.1362E-09  0.8736E-10  0.4361E-10  0.1866E-10
  0.6848E-11  0.2154E-11  0.1345E-12  0.4630E-14  0.1201E-15
  0.4443E-16  0.2844E-16  0.1790E-16  0.1333E-16  0.9896E-17
  0.7876E-17  0.6285E-17  0.5217E-17  0.4347E-17  0.3715E-17
  0.3186E-17  0.2781E-17  0.2436E-17  0.1923E-17  0.1556E-17
  0.9953E-18  0.6904E-18  0.5072E-18  0.3881E-18  0.3066E-18
  0.2483E-18  0.1104E-18  0.6204E-19  0.3968E-19  0.2753E-19
  0.2022E-19  0.1548E-19  0.9949E-20  0.6852E-20  0.5054E-20
  0.5408E-09  0.5342E-09  0.5146E-09  0.4832E-09  0.4440E-09
  0.3971E-09  0.3477E-09  0.2471E-09  0.1591E-09  0.8002E-10
  0.3454E-10  0.1280E-10  0.4076E-11  0.2619E-12  0.9363E-14
  0.2682E-15  0.1062E-15  0.6907E-16  0.4236E-16  0.3153E-16
  0.2342E-16  0.1863E-16  0.1487E-16  0.1234E-16  0.1028E-16
  0.8788E-17  0.7538E-17  0.6579E-17  0.5762E-17  0.4548E-17
  0.3681E-17  0.2355E-17  0.1633E-17  0.1200E-17  0.9181E-18
  0.7254E-18  0.5874E-18  0.2611E-18  0.1468E-18  0.9391E-19
  0.6519E-19  0.4788E-19  0.3666E-19  0.2351E-19  0.1627E-19
  0.1197E-19  0.9678E-09  0.9561E-09  0.9213E-09  0.8657E-09
  0.7960E-09  0.7127E-09  0.6247E-09  0.4453E-09  0.2879E-09
  0.1457E-09  0.6335E-10  0.2369E-10  0.7620E-11  0.5018E-12
  0.1853E-13  0.6146E-15  0.2417E-15  0.1581E-15  0.9546E-16
  0.7105E-16  0.5276E-16  0.4198E-16  0.3350E-16  0.2781E-16
  0.2317E-16  0.1980E-16  0.1698E-16  0.1482E-16  0.1298E-16
  0.1025E-16  0.8293E-17  0.5305E-17  0.3679E-17  0.2703E-17
  0.2068E-17  0.1634E-17  0.1323E-17  0.5880E-18  0.3307E-18
  0.2116E-18  0.1469E-18  0.1079E-18  0.8263E-19  0.5293E-19
  0.3670E-19  0.2698E-19  0.1727E-08  0.1706E-08  0.1645E-08
  0.1546E-08  0.1423E-08  0.1275E-08  0.1119E-08  0.7998E-09
  0.5191E-09  0.2641E-09  0.1157E-09  0.4361E-10  0.1416E-10
  0.9537E-12  0.3631E-13  0.1392E-14  0.5397E-15  0.3536E-15
  0.2101E-15  0.1564E-15  0.1162E-15  0.9267E-16  0.7395E-16
  0.6138E-16  0.5114E-16  0.4370E-16  0.3748E-16  0.3271E-16
  0.2865E-16  0.2261E-16  0.1830E-16  0.1171E-16  0.8120E-17
  0.5965E-17  0.4565E-17  0.3607E-17  0.2921E-17  0.1298E-17
  0.7299E-18  0.4671E-18  0.3243E-18  0.2383E-18  0.1824E-18
  0.1168E-18  0.8105E-19  0.5956E-19  0.3077E-08  0.3040E-08
  0.2932E-08  0.2757E-08  0.2539E-08  0.2277E-08  0.2001E-08
  0.1434E-08  0.9338E-09  0.4777E-09  0.2106E-09  0.8004E-10
  0.2622E-10  0.1805E-11  0.7084E-13  0.3022E-14  0.1196E-14
  0.7833E-15  0.4734E-15  0.3526E-15  0.2605E-15  0.2020E-15
  0.1613E-15  0.1338E-15  0.1116E-15  0.9529E-16  0.8178E-16
  0.7135E-16  0.6252E-16  0.4935E-16  0.3995E-16  0.2555E-16
  0.1773E-16  0.1302E-16  0.9968E-17  0.7874E-17  0.6378E-17
  0.2834E-17  0.1596E-17  0.1021E-17  0.7087E-18  0.5210E-18
  0.3989E-18  0.2553E-18  0.1773E-18  0.1302E-18  0.5474E-08
  0.5409E-08  0.5217E-08  0.4910E-08  0.4524E-08  0.4061E-08
  0.3571E-08  0.2566E-08  0.1677E-08  0.8626E-09  0.3828E-09
  0.1466E-09  0.4846E-10  0.3410E-11  0.1379E-12  0.6462E-14
  0.2639E-14  0.1727E-14  0.1069E-14  0.7966E-15  0.5850E-15
  0.4534E-15  0.3601E-15  0.2995E-15  0.2485E-15  0.2128E-15
  0.1818E-15  0.1591E-15  0.1388E-15  0.1094E-15  0.8849E-16
  0.5664E-16  0.3914E-16  0.2878E-16  0.2196E-16  0.1737E-16
  0.1403E-16  0.6233E-17  0.3467E-17  0.2219E-17  0.1552E-17
  0.1132E-17  0.8675E-18  0.5552E-18  0.3855E-18  0.2832E-18
  0.9707E-08  0.9594E-08  0.9256E-08  0.8715E-08  0.8035E-08
  0.7220E-08  0.6355E-08  0.4579E-08  0.3003E-08  0.1553E-08
  0.6935E-09  0.2676E-09  0.8925E-10  0.6416E-11  0.2677E-12
  0.1371E-13  0.5802E-14  0.3792E-14  0.2365E-14  0.1764E-14
  0.1290E-14  0.1019E-14  0.8042E-15  0.6710E-15  0.5533E-15
  0.4755E-15  0.4039E-15  0.3546E-15  0.3078E-15  0.2424E-15
  0.1958E-15  0.1254E-15  0.8621E-16  0.6350E-16  0.4825E-16
  0.3823E-16  0.3078E-16  0.1366E-16  0.7564E-17  0.4843E-17
  0.3385E-17  0.2466E-17  0.1872E-17  0.1200E-17  0.8331E-18
  0.6121E-18  0.1716E-07  0.1697E-07  0.1637E-07  0.1542E-07
  0.1423E-07  0.1280E-07  0.1128E-07  0.8146E-08  0.5360E-08
  0.2786E-08  0.1253E-08  0.4871E-09  0.1639E-09  0.1204E-10
  0.5184E-12  0.2899E-13  0.1272E-13  0.8298E-14  0.5188E-14
  0.3869E-14  0.2823E-14  0.2247E-14  0.1766E-14  0.1476E-14
  0.1213E-14  0.1044E-14  0.8842E-15  0.7776E-15  0.6730E-15
  0.5294E-15  0.4273E-15  0.2739E-15  0.1877E-15  0.1383E-15
  0.1049E-15  0.8317E-16  0.6682E-16  0.2964E-16  0.1646E-16
  0.1055E-16  0.7320E-17  0.5356E-17  0.4077E-17  0.2579E-17
  0.1791E-17  0.1316E-17  0.3021E-07  0.2986E-07  0.2882E-07
  0.2717E-07  0.2508E-07  0.2257E-07  0.1991E-07  0.1442E-07
  0.9521E-08  0.4975E-08  0.2251E-08  0.8821E-09  0.2994E-09
  0.2247E-10  0.9993E-12  0.6097E-13  0.2774E-13  0.1805E-13
  0.1128E-13  0.8416E-14  0.6123E-14  0.4893E-14  0.3833E-14
  0.3208E-14  0.2629E-14  0.2266E-14  0.1914E-14  0.1686E-14
  0.1456E-14  0.1144E-14  0.9229E-15  0.5919E-15  0.4044E-15
  0.2983E-15  0.2257E-15  0.1791E-15  0.1437E-15  0.6371E-16
  0.3539E-16  0.2268E-16  0.1569E-16  0.1150E-16  0.8839E-17
  0.5501E-17  0.3820E-17  0.2806E-17  0.5278E-07  0.5218E-07
  0.5038E-07  0.4751E-07  0.4389E-07  0.3953E-07  0.3491E-07
  0.2535E-07  0.1679E-07  0.8820E-08  0.4016E-08  0.1586E-08
  0.5429E-09  0.4163E-10  0.1913E-11  0.1274E-12  0.6003E-13
  0.3897E-13  0.2432E-13  0.1814E-13  0.1316E-13  0.1054E-13
  0.8232E-14  0.6898E-14  0.5637E-14  0.4866E-14  0.4100E-14
  0.3616E-14  0.3116E-14  0.2447E-14  0.1972E-14  0.1265E-14
  0.8624E-15  0.6366E-15  0.4806E-15  0.3818E-15  0.3057E-15
  0.1355E-15  0.7520E-16  0.4820E-16  0.3328E-16  0.2440E-16
  0.1885E-16  0.1161E-16  0.8062E-17  0.5923E-17  0.9163E-07
  0.9060E-07  0.8751E-07  0.8255E-07  0.7631E-07  0.6880E-07
  0.6080E-07  0.4427E-07  0.2942E-07  0.1553E-07  0.7119E-08
  0.2832E-08  0.9780E-09  0.7661E-10  0.3642E-11  0.2656E-12
  0.1291E-12  0.8355E-13  0.5203E-13  0.3880E-13  0.2806E-13
  0.2250E-13  0.1753E-13  0.1471E-13  0.1199E-13  0.1036E-13
  0.8709E-14  0.7691E-14  0.6611E-14  0.5188E-14  0.4179E-14
  0.2681E-14  0.1823E-14  0.1346E-14  0.1014E-14  0.8064E-15
  0.6448E-15  0.2856E-15  0.1583E-15  0.1015E-15  0.6994E-16
  0.5129E-16  0.3976E-16  0.2427E-16  0.1685E-16  0.1238E-16
  0.1582E-06  0.1564E-06  0.1511E-06  0.1426E-06  0.1319E-06
  0.1190E-06  0.1053E-06  0.7687E-07  0.5125E-07  0.2720E-07
  0.1254E-07  0.5028E-08  0.1752E-08  0.1402E-09  0.6903E-11
  0.5519E-12  0.2761E-12  0.1781E-12  0.1106E-12  0.8245E-13
  0.5946E-13  0.4773E-13  0.3707E-13  0.3113E-13  0.2531E-13
  0.2190E-13  0.1836E-13  0.1624E-13  0.1392E-13  0.1092E-13
  0.8789E-14  0.5640E-14  0.3824E-14  0.2826E-14  0.2124E-14
  0.1690E-14  0.1349E-14  0.5971E-15  0.3303E-15  0.2117E-15
  0.1458E-15  0.1069E-15  0.8308E-16  0.5028E-16  0.3492E-16
  0.2565E-16  0.2712E-06  0.2681E-06  0.2592E-06  0.2447E-06
  0.2265E-06  0.2045E-06  0.1811E-06  0.1325E-06  0.8867E-07
  0.4731E-07  0.2195E-07  0.8864E-08  0.3115E-08  0.2548E-09
  0.1301E-10  0.1142E-11  0.5865E-12  0.3770E-12  0.2334E-12
  0.1739E-12  0.1250E-12  0.1004E-12  0.7776E-13  0.6538E-13
  0.5298E-13  0.4592E-13  0.3839E-13  0.3400E-13  0.2908E-13
  0.2278E-13  0.1832E-13  0.1176E-13  0.7949E-14  0.5878E-14
  0.4409E-14  0.3510E-14  0.2796E-14  0.1237E-14  0.6826E-15
  0.4377E-15  0.3008E-15  0.2205E-15  0.1719E-15  0.1031E-15
  0.7158E-16  0.5259E-16  0.4616E-06  0.4565E-06  0.4413E-06
  0.4169E-06  0.3861E-06  0.3490E-06  0.3094E-06  0.2270E-06
  0.1523E-06  0.8168E-07  0.3814E-07  0.1552E-07  0.5500E-08
  0.4597E-09  0.2437E-10  0.2353E-11  0.1237E-11  0.7922E-12
  0.4889E-12  0.3642E-12  0.2608E-12  0.2097E-12  0.1618E-12
  0.1362E-12  0.1100E-12  0.9550E-13  0.7960E-13  0.7061E-13
  0.6022E-13  0.4712E-13  0.3787E-13  0.2431E-13  0.1638E-13
  0.1212E-13  0.9067E-14  0.7224E-14  0.5742E-14  0.2538E-14
  0.1397E-14  0.8958E-15  0.6147E-15  0.4504E-15  0.3521E-15
  0.2091E-15  0.1452E-15  0.1067E-15  0.7804E-06  0.7719E-06
  0.7464E-06  0.7055E-06  0.6537E-06  0.5914E-06  0.5247E-06
  0.3859E-06  0.2599E-06  0.1401E-06  0.6582E-07  0.2697E-07
  0.9643E-08  0.8237E-09  0.4543E-10  0.4826E-11  0.2594E-11
  0.1654E-11  0.1017E-11  0.7573E-12  0.5402E-12  0.4347E-12
  0.3342E-12  0.2817E-12  0.2268E-12  0.1971E-12  0.1638E-12
  0.1455E-12  0.1237E-12  0.9671E-13  0.7765E-13  0.4984E-13
  0.3346E-13  0.2477E-13  0.1848E-13  0.1474E-13  0.1169E-13
  0.5160E-14  0.2833E-14  0.1817E-14  0.1244E-14  0.9112E-15
  0.7144E-15  0.4195E-15  0.2913E-15  0.2140E-15  0.1311E-05
  0.1296E-05  0.1254E-05  0.1186E-05  0.1099E-05  0.9954E-06
  0.8840E-06  0.6519E-06  0.4404E-06  0.2386E-06  0.1128E-06
  0.4657E-07  0.1679E-07  0.1466E-08  0.8430E-10  0.9863E-11
  0.5408E-11  0.3431E-11  0.2103E-11  0.1565E-11  0.1112E-11
  0.8952E-12  0.6856E-12  0.5786E-12  0.4641E-12  0.4040E-12
  0.3345E-12  0.2977E-12  0.2523E-12  0.1970E-12  0.1580E-12
  0.1014E-12  0.6782E-13  0.5025E-13  0.3737E-13  0.2983E-13
  0.2359E-13  0.1040E-13  0.5692E-14  0.3651E-14  0.2496E-14
  0.1827E-14  0.1437E-14  0.8330E-15  0.5785E-15  0.4250E-15
  0.2188E-05  0.2164E-05  0.2094E-05  0.1981E-05  0.1838E-05
  0.1666E-05  0.1481E-05  0.1095E-05  0.7419E-06  0.4039E-06
  0.1922E-06  0.7993E-07  0.2908E-07  0.2596E-08  0.1559E-09
  0.2011E-10  0.1122E-10  0.7083E-11  0.4326E-11  0.3216E-11
  0.2276E-11  0.1834E-11  0.1399E-11  0.1182E-11  0.9444E-12
  0.8234E-12  0.6793E-12  0.6057E-12  0.5116E-12  0.3988E-12
  0.3195E-12  0.2051E-12  0.1366E-12  0.1012E-12  0.7503E-13
  0.5996E-13  0.4729E-13  0.2082E-13  0.1135E-13  0.7281E-14
  0.4967E-14  0.3632E-14  0.2868E-14  0.1639E-14  0.1138E-14
  0.8362E-15  0.3633E-05  0.3595E-05  0.3479E-05  0.3293E-05
  0.3057E-05  0.2772E-05  0.2467E-05  0.1828E-05  0.1243E-05
  0.6803E-06  0.3257E-06  0.1365E-06  0.5008E-07  0.4574E-08
  0.2878E-09  0.4093E-10  0.2321E-10  0.1457E-10  0.8864E-11
  0.6584E-11  0.4639E-11  0.3740E-11  0.2841E-11  0.2403E-11
  0.1913E-11  0.1670E-11  0.1373E-11  0.1226E-11  0.1032E-11
  0.8032E-12  0.6427E-12  0.4125E-12  0.2734E-12  0.2028E-12
  0.1498E-12  0.1198E-12  0.9419E-13  0.4141E-13  0.2249E-13
  0.1442E-13  0.9812E-14  0.7169E-14  0.5686E-14  0.3196E-14
  0.2219E-14  0.1631E-14  0.6012E-05  0.5948E-05  0.5758E-05
  0.5453E-05  0.5065E-05  0.4597E-05  0.4095E-05  0.3043E-05
  0.2076E-05  0.1142E-05  0.5501E-06  0.2322E-06  0.8598E-07
  0.8039E-08  0.5317E-09  0.8338E-10  0.4797E-10  0.2993E-10
  0.1814E-10  0.1346E-10  0.9442E-11  0.7616E-11  0.5759E-11
  0.4879E-11  0.3866E-11  0.3382E-11  0.2768E-11  0.2477E-11
  0.2077E-11  0.1614E-11  0.1290E-11  0.8274E-12  0.5456E-12
  0.4051E-12  0.2979E-12  0.2386E-12  0.1869E-12  0.8202E-13
  0.4435E-13  0.2844E-13  0.1930E-13  0.1408E-13  0.1122E-13
  0.6191E-14  0.4299E-14  0.3159E-14  0.9924E-05  0.9820E-05
  0.9509E-05  0.9009E-05  0.8374E-05  0.7607E-05  0.6782E-05
  0.5052E-05  0.3458E-05  0.1912E-05  0.9272E-06  0.3945E-06
  0.1474E-06  0.1412E-07  0.9850E-09  0.1703E-09  0.9923E-10
  0.6154E-10  0.3716E-10  0.2753E-10  0.1923E-10  0.1551E-10
  0.1168E-10  0.9904E-11  0.7814E-11  0.6847E-11  0.5581E-11
  0.5004E-11  0.4178E-11  0.3241E-11  0.2585E-11  0.1658E-11
  0.1088E-11  0.8081E-12  0.5917E-12  0.4743E-12  0.3703E-12
  0.1621E-12  0.8723E-13  0.5594E-13  0.3783E-13  0.2757E-13
  0.2210E-13  0.1193E-13  0.8283E-14  0.6086E-14  0.1638E-04
  0.1621E-04  0.1570E-04  0.1488E-04  0.1384E-04  0.1258E-04
  0.1123E-04  0.8387E-05  0.5760E-05  0.3202E-05  0.1563E-05
  0.6702E-06  0.2527E-06  0.2484E-07  0.1836E-08  0.3499E-09
  0.2061E-09  0.1270E-09  0.7640E-10  0.5652E-10  0.3929E-10
  0.3171E-10  0.2376E-10  0.2017E-10  0.1584E-10  0.1390E-10
  0.1128E-10  0.1014E-10  0.8427E-11  0.6524E-11  0.5196E-11
  0.3331E-11  0.2172E-11  0.1615E-11  0.1177E-11  0.9445E-12
  0.7345E-12  0.3208E-12  0.1716E-12  0.1100E-12  0.7414E-13
  0.5396E-13  0.4351E-13  0.2291E-13  0.1591E-13  0.1169E-13
  0.2707E-04  0.2679E-04  0.2596E-04  0.2462E-04  0.2291E-04
  0.2085E-04  0.1863E-04  0.1395E-04  0.9615E-05  0.5374E-05
  0.2641E-05  0.1142E-05  0.4348E-06  0.4390E-07  0.3457E-08
  0.7249E-09  0.4313E-09  0.2638E-09  0.1581E-09  0.1168E-09
  0.8080E-10  0.6521E-10  0.4863E-10  0.4133E-10  0.3231E-10
  0.2840E-10  0.2294E-10  0.2065E-10  0.1709E-10  0.1321E-10
  0.1050E-10  0.6726E-11  0.4359E-11  0.3242E-11  0.2351E-11
  0.1889E-11  0.1463E-11  0.6369E-12  0.3387E-12  0.2171E-12
  0.1456E-12  0.1058E-12  0.8592E-13  0.4396E-13  0.3053E-13
  0.2243E-13  0.4503E-04  0.4457E-04  0.4320E-04  0.4099E-04
  0.3818E-04  0.3477E-04  0.3110E-04  0.2336E-04  0.1616E-04
  0.9084E-05  0.4496E-05  0.1961E-05  0.7542E-06  0.7843E-07
  0.6617E-08  0.1526E-08  0.9156E-09  0.5565E-09  0.3320E-09
  0.2447E-09  0.1685E-09  0.1360E-09  0.1009E-09  0.8584E-10
  0.6678E-10  0.5879E-10  0.4727E-10  0.4262E-10  0.3512E-10
  0.2707E-10  0.2148E-10  0.1375E-10  0.8851E-11  0.6586E-11
  0.4748E-11  0.3820E-11  0.2944E-11  0.1278E-11  0.6748E-12
  0.4324E-12  0.2886E-12  0.2093E-12  0.1713E-12  0.8315E-13
  0.5883E-13  0.4322E-13  0.7574E-04  0.7498E-04  0.7269E-04
  0.6902E-04  0.6433E-04  0.5865E-04  0.5252E-04  0.3956E-04
  0.2747E-04  0.1554E-04  0.7754E-05  0.3414E-05  0.1328E-05
  0.1428E-06  0.1301E-07  0.3286E-08  0.1984E-08  0.1187E-08
  0.7115E-09  0.5231E-09  0.3586E-09  0.2893E-09  0.2136E-09
  0.1819E-09  0.1408E-09  0.1241E-09  0.9931E-10  0.8971E-10
  0.7358E-10  0.5657E-10  0.4480E-10  0.2864E-10  0.1830E-10
  0.1362E-10  0.9763E-11  0.7865E-11  0.6029E-11  0.2606E-11
  0.1366E-11  0.8746E-12  0.5806E-12  0.4198E-12  0.3468E-12
  0.1877E-12  0.1144E-12  0.8404E-13  0.1299E-03  0.1286E-03
  0.1247E-03  0.1185E-03  0.1105E-03  0.1009E-03  0.9042E-04
  0.6832E-04  0.4766E-04  0.2715E-04  0.1366E-04  0.6078E-05
  0.2395E-05  0.2675E-06  0.2660E-07  0.7361E-08  0.4472E-08
  0.2628E-08  0.1583E-08  0.1161E-08  0.7917E-09  0.6382E-09
  0.4690E-09  0.3994E-09  0.3076E-09  0.2715E-09  0.2162E-09
  0.1956E-09  0.1596E-09  0.1224E-09  0.9668E-10  0.6170E-10
  0.3911E-10  0.2912E-10  0.2073E-10  0.1672E-10  0.1274E-10
  0.5480E-11  0.2845E-11  0.1821E-11  0.1200E-11  0.8649E-12
  0.7226E-12  0.4447E-12  0.2230E-12  0.1664E-12  0.2283E-03
  0.2261E-03  0.2194E-03  0.2085E-03  0.1947E-03  0.1779E-03
  0.1597E-03  0.1211E-03  0.8490E-04  0.4873E-04  0.2476E-04
  0.1114E-04  0.4454E-05  0.5193E-06  0.5692E-07  0.1724E-07
  0.1053E-07  0.6120E-08  0.3680E-08  0.2689E-08  0.1826E-08
  0.1470E-08  0.1075E-08  0.9156E-09  0.7016E-09  0.6199E-09
  0.4909E-09  0.4450E-09  0.3612E-09  0.2761E-09  0.2175E-09
  0.1385E-09  0.8705E-10  0.6482E-10  0.4579E-10  0.3697E-10
  0.2799E-10  0.1197E-10  0.6147E-11  0.3929E-11  0.2568E-11
  0.1843E-11  0.1561E-11  0.1019E-11  0.5054E-12  0.3370E-12
  0.4146E-03  0.4106E-03  0.3986E-03  0.3792E-03  0.3544E-03
  0.3243E-03  0.2916E-03  0.2221E-03  0.1565E-03  0.9060E-04
  0.4652E-04  0.2122E-04  0.8621E-05  0.1057E-05  0.1291E-06
  0.4267E-07  0.2618E-07  0.1507E-07  0.9026E-08  0.6568E-08
  0.4441E-08  0.3570E-08  0.2598E-08  0.2212E-08  0.1687E-08
  0.1491E-08  0.1175E-08  0.1066E-08  0.8614E-09  0.6562E-09
  0.5155E-09  0.3274E-09  0.2039E-09  0.1517E-09  0.1063E-09
  0.8593E-10  0.6460E-10  0.2743E-10  0.1392E-10  0.8882E-11
  0.5747E-11  0.4103E-11  0.3531E-11  0.2382E-11  0.1211E-11
  0.7032E-12  0.7874E-03  0.7799E-03  0.7574E-03  0.7213E-03
  0.6749E-03  0.6186E-03  0.5572E-03  0.4263E-03  0.3023E-03
  0.1768E-03  0.9193E-04  0.4258E-04  0.1764E-04  0.2296E-05
  0.3165E-06  0.1136E-06  0.6993E-07  0.3991E-07  0.2380E-07
  0.1723E-07  0.1161E-07  0.9311E-08  0.6747E-08  0.5740E-08
  0.4358E-08  0.3852E-08  0.3022E-08  0.2744E-08  0.2206E-08
  0.1675E-08  0.1312E-08  0.8302E-09  0.5121E-09  0.3808E-09
  0.2646E-09  0.2139E-09  0.1597E-09  0.6720E-10  0.3364E-10
  0.2142E-10  0.1369E-10  0.9709E-11  0.8516E-11  0.5868E-11
  0.2927E-11  0.1529E-11  0.1584E-02  0.1569E-02  0.1525E-02
  0.1454E-02  0.1362E-02  0.1251E-02  0.1129E-02  0.8690E-03
  0.6208E-03  0.3674E-03  0.1939E-03  0.9152E-04  0.3881E-04
  0.5431E-05  0.8529E-06  0.3295E-06  0.2035E-06  0.1151E-06
  0.6833E-07  0.4921E-07  0.3307E-07  0.2643E-07  0.1909E-07
  0.1621E-07  0.1227E-07  0.1083E-07  0.8467E-08  0.7686E-08
  0.6157E-08  0.4658E-08  0.3636E-08  0.2292E-08  0.1401E-08
  0.1040E-08  0.7169E-09  0.5794E-09  0.4294E-09  0.1789E-09
  0.8830E-10  0.5602E-10  0.3533E-10  0.2483E-10  0.2226E-10
  0.1559E-10  0.7471E-11  0.3509E-11  0.3396E-02  0.3365E-02
  0.3273E-02  0.3124E-02  0.2931E-02  0.2698E-02  0.2442E-02
  0.1892E-02  0.1363E-02  0.8180E-03  0.4394E-03  0.2120E-03
  0.9243E-04  0.1409E-04  0.2544E-05  0.1052E-05  0.6511E-06
  0.3647E-06  0.2159E-06  0.1545E-06  0.1037E-06  0.8252E-07
  0.5950E-07  0.5037E-07  0.3803E-07  0.3352E-07  0.2613E-07
  0.2369E-07  0.1893E-07  0.1427E-07  0.1111E-07  0.6962E-08
  0.4224E-08  0.3125E-08  0.2139E-08  0.1727E-08  0.1272E-08
  0.5238E-09  0.2547E-09  0.1608E-09  0.9989E-10  0.6945E-10
  0.6378E-10  0.4529E-10  0.2059E-10  0.8512E-11  0.7882E-02
  0.7812E-02  0.7604E-02  0.7269E-02  0.6833E-02  0.6306E-02
  0.5723E-02  0.4469E-02  0.3253E-02  0.1984E-02  0.1088E-02
  0.5385E-03  0.2426E-03  0.4071E-04  0.8402E-05  0.3660E-05
  0.2268E-05  0.1258E-05  0.7440E-06  0.5287E-06  0.3549E-06
  0.2810E-06  0.2027E-06  0.1709E-06  0.1290E-06  0.1133E-06
  0.8830E-07  0.7981E-07  0.6376E-07  0.4792E-07  0.3720E-07
  0.2317E-07  0.1398E-07  0.1030E-07  0.7020E-08  0.5650E-08
  0.4143E-08  0.1686E-08  0.8096E-09  0.5084E-09  0.3110E-09
  0.2136E-09  0.2008E-09  0.1443E-09  0.6207E-10  0.2216E-10
  0.2023E-01  0.2006E-01  0.1954E-01  0.1871E-01  0.1763E-01
  0.1632E-01  0.1486E-01  0.1171E-01  0.8631E-02  0.5366E-02
  0.3014E-02  0.1538E-02  0.7188E-03  0.1336E-03  0.3090E-04
  0.1389E-04  0.8603E-05  0.4726E-05  0.2794E-05  0.1971E-05
  0.1326E-05  0.1044E-05  0.7542E-06  0.6325E-06  0.4784E-06
  0.4182E-06  0.3266E-06  0.2939E-06  0.2352E-06  0.1763E-06
  0.1366E-06  0.8450E-07  0.5089E-07  0.3730E-07  0.2536E-07
  0.2033E-07  0.1489E-07  0.5987E-08  0.2849E-08  0.1777E-08
  0.1072E-08  0.7271E-09  0.6973E-09  0.5060E-09  0.2070E-09
  0.6316E-10  0.5880E-01  0.5832E-01  0.5689E-01  0.5458E-01
  0.5155E-01  0.4788E-01  0.4378E-01  0.3486E-01  0.2604E-01
  0.1654E-01  0.9546E-02  0.5033E-02  0.2450E-02  0.5056E-03
  0.1291E-03  0.5925E-04  0.3661E-04  0.1989E-04  0.1178E-04
  0.8243E-05  0.5564E-05  0.4350E-05  0.3155E-05  0.2629E-05
  0.1996E-05  0.1734E-05  0.1359E-05  0.1216E-05  0.9768E-06
  0.7311E-06  0.5655E-06  0.3470E-06  0.2091E-06  0.1522E-06
  0.1036E-06  0.8258E-07  0.6052E-07  0.2405E-07  0.1138E-07
  0.7046E-08  0.4199E-08  0.2808E-08  0.2738E-08  0.2002E-08
  0.7834E-09  0.2013E-09  0.1990E+00  0.1974E+00  0.1928E+00
  0.1854E+00  0.1756E+00  0.1638E+00  0.1504E+00  0.1212E+00
  0.9189E-01  0.5979E-01  0.3556E-01  0.1945E-01  0.9887E-02
  0.2265E-02  0.6271E-03  0.2900E-03  0.1782E-03  0.9563E-04
  0.5675E-04  0.3938E-04  0.2671E-04  0.2072E-04  0.1510E-04
  0.1249E-04  0.9534E-05  0.8225E-05  0.6481E-05  0.5760E-05
  0.4650E-05  0.3476E-05  0.2685E-05  0.1634E-05  0.9871E-06
  0.7132E-06  0.4868E-06  0.3854E-06  0.2834E-06  0.1113E-06
  0.5255E-07  0.3225E-07  0.1902E-07  0.1253E-07  0.1238E-07
  0.9098E-08  0.3429E-08  0.7376E-09  0.7708E+00  0.7651E+00
  0.7483E+00  0.7211E+00  0.6850E+00  0.6411E+00  0.5916E+00
  0.4823E+00  0.3714E+00  0.2475E+00  0.1517E+00  0.8595E-01
  0.4554E-01  0.1146E-01  0.3389E-02  0.1571E-02  0.9595E-03
  0.5081E-03  0.3022E-03  0.2079E-03  0.1418E-03  0.1091E-03
  0.7999E-04  0.6565E-04  0.5041E-04  0.4317E-04  0.3422E-04
  0.3019E-04  0.2453E-04  0.1831E-04  0.1413E-04  0.8525E-05
  0.5175E-05  0.3709E-05  0.2543E-05  0.1999E-05  0.1477E-05
  0.5733E-06  0.2710E-06  0.1648E-06  0.9641E-07  0.6260E-07
  0.6233E-07  0.4596E-07  0.1684E-07  0.3066E-08  0.3270E+01
  0.3247E+01  0.3180E+01  0.3071E+01  0.2926E+01  0.2749E+01
  0.2548E+01  0.2102E+01  0.1643E+01  0.1121E+01  0.7071E+00
  0.4146E+00  0.2283E+00  0.6230E-01  0.1923E-01  0.8807E-02
  0.5316E-02  0.2776E-02  0.1654E-02  0.1129E-02  0.7738E-03
  0.5911E-03  0.4360E-03  0.3553E-03  0.2745E-03  0.2333E-03
  0.1862E-03  0.1631E-03  0.1333E-03  0.9947E-04  0.7673E-04
  0.4592E-04  0.2802E-04  0.1993E-04  0.1374E-04  0.1072E-04
  0.7967E-05  0.3064E-05  0.1453E-05  0.8766E-06  0.5098E-06
  0.3269E-06  0.3263E-06  0.2408E-06  0.8668E-07  0.1400E-07
  0.1446E+02  0.1436E+02  0.1408E+02  0.1362E+02  0.1301E+02
  0.1227E+02  0.1142E+02  0.9516E+01  0.7539E+01  0.5253E+01
  0.3398E+01  0.2051E+01  0.1166E+01  0.3392E+00  0.1079E+00
  0.4860E-01  0.2895E-01  0.1491E-01  0.8899E-02  0.6036E-02
  0.4153E-02  0.3153E-02  0.2337E-02  0.1893E-02  0.1470E-02
  0.1242E-02  0.9967E-03  0.8677E-03  0.7134E-03  0.5321E-03
  0.4103E-03  0.2439E-03  0.1496E-03  0.1058E-03  0.7331E-04
  0.5684E-04  0.4247E-04  0.1621E-04  0.7716E-05  0.4625E-05
  0.2680E-05  0.1701E-05  0.1697E-05  0.1250E-05  0.4461E-06
  0.6733E-07  0.6003E+02  0.5965E+02  0.5855E+02  0.5675E+02
  0.5434E+02  0.5138E+02  0.4801E+02  0.4039E+02  0.3239E+02
  0.2299E+02  0.1521E+02  0.9416E+01  0.5504E+01  0.1689E+01
  0.5493E+00  0.2423E+00  0.1413E+00  0.7154E-01  0.4271E-01
  0.2885E-01  0.1991E-01  0.1505E-01  0.1120E-01  0.9033E-02
  0.7042E-02  0.5926E-02  0.4772E-02  0.4138E-02  0.3416E-02
  0.2547E-02  0.1964E-02  0.1163E-02  0.7158E-03  0.5038E-03
  0.3505E-03  0.2707E-03  0.2030E-03  0.7714E-04  0.3683E-04
  0.2199E-04  0.1272E-04  0.8025E-05  0.7988E-05  0.5880E-05
  0.2092E-05  0.3089E-06  0.2102E+03  0.2090E+03  0.2053E+03
  0.1994E+03  0.1914E+03  0.1815E+03  0.1702E+03  0.1446E+03
  0.1173E+03  0.8479E+02  0.5726E+02  0.3626E+02  0.2168E+02
  0.6876E+01  0.2216E+01  0.9260E+00  0.5125E+00  0.2485E+00
  0.1480E+00  0.1003E+00  0.6924E-01  0.5246E-01  0.3900E-01
  0.3151E-01  0.2454E-01  0.2069E-01  0.1664E-01  0.1446E-01
  0.1192E-01  0.8890E-02  0.6857E-02  0.4068E-02  0.2502E-02
  0.1765E-02  0.1227E-02  0.9489E-03  0.7108E-03  0.2709E-03
  0.1294E-03  0.7741E-04  0.4487E-04  0.2841E-04  0.2844E-04
  0.2101E-04  0.7536E-05  0.1185E-05  0.6003E+03  0.5969E+03
  0.5873E+03  0.5715E+03  0.5502E+03  0.5238E+03  0.4935E+03
  0.4239E+03  0.3488E+03  0.2572E+03  0.1776E+03  0.1148E+03
  0.6978E+02  0.2213E+02  0.6881E+01  0.3045E+01  0.1853E+01
  0.5833E+00  0.8844E-01  0.1893E-01  0.7897E-02  0.1096E-01
  0.6022E-02  0.7755E-02  0.4408E-02  0.5582E-02  0.3284E-02
  0.4143E-02  0.2515E-02  0.1975E-02  0.1580E-02  0.1351E-02
  0.6704E-03  0.6464E-03  0.3646E-03  0.3711E-03  0.2255E-03
  0.1197E-03  0.5243E-04  0.3973E-04  0.2598E-04  0.2083E-04
  0.2503E-04  0.2057E-04  0.9052E-05  0.3423E-05  0.1452E+04
  0.1445E+04  0.1426E+04  0.1393E+04  0.1348E+04  0.1293E+04
  0.1229E+04  0.1081E+04  0.9163E+03  0.7090E+03  0.5198E+03
  0.3613E+03  0.2386E+03  0.8982E+02  0.2851E+02  0.8425E+01
  0.3587E+01  0.4006E+01  0.3877E+01  0.2849E+01  0.1545E+01
  0.4740E+00  0.2016E-01 -0.3533E-01 -0.4082E-01 -0.2477E-01
 -0.2628E-01 -0.1605E-01 -0.1802E-01 -0.1298E-01 -0.9769E-02
 -0.3694E-02 -0.3177E-02 -0.1348E-02 -0.1415E-02 -0.6336E-03
 -0.7708E-03 -0.1335E-03 -0.9766E-04 -0.1710E-04 -0.2104E-05
  0.1619E-04  0.5464E-04  0.5774E-04  0.2561E-04  0.9876E-05
  0.3127E+04  0.3115E+04  0.3083E+04  0.3028E+04  0.2955E+04
  0.2862E+04  0.2755E+04  0.2500E+04  0.2212E+04  0.1833E+04
  0.1468E+04  0.1140E+04  0.8622E+03  0.4666E+03  0.2449E+03
  0.1312E+03  0.7497E+02  0.3394E+02  0.2042E+02  0.1404E+02
  0.1153E+02  0.1101E+02  0.9471E+01  0.7588E+01  0.5465E+01
  0.3722E+01  0.2654E+01  0.2179E+01  0.1817E+01  0.1351E+01
  0.1040E+01  0.6030E+00  0.3752E+00  0.2590E+00  0.1823E+00
  0.1381E+00  0.1049E+00  0.3874E-01  0.1854E-01  0.1080E-01
  0.6092E-02  0.3665E-02  0.3698E-02  0.2730E-02  0.8839E-03
  0.2517E-04  0.5563E+04  0.5547E+04  0.5503E+04  0.5430E+04
  0.5331E+04  0.5205E+04  0.5058E+04  0.4706E+04  0.4298E+04
  0.3747E+04  0.3194E+04  0.2672E+04  0.2204E+04  0.1463E+04
  0.9660E+03  0.6445E+03  0.4379E+03  0.2230E+03  0.1291E+03
  0.8326E+02  0.5963E+02  0.4717E+02  0.3727E+02  0.3019E+02
  0.2593E+02  0.2392E+02  0.2093E+02  0.1789E+02  0.1481E+02
  0.1020E+02  0.7611E+01  0.4374E+01  0.2739E+01  0.1875E+01
  0.1329E+01  0.9988E+00  0.7642E+00  0.2796E+00  0.1346E+00
  0.7769E-01  0.4380E-01  0.2612E-01  0.2531E-01  0.1823E-01
  0.5819E-02  0.5545E-04  0.8656E+04  0.8637E+04  0.8585E+04
  0.8496E+04  0.8376E+04  0.8224E+04  0.8045E+04  0.7612E+04
  0.7104E+04  0.6403E+04  0.5679E+04  0.4973E+04  0.4315E+04
  0.3200E+04  0.2362E+04  0.1741E+04  0.1285E+04  0.7329E+03
  0.4471E+03  0.2913E+03  0.2027E+03  0.1508E+03  0.1146E+03
  0.9037E+02  0.7468E+02  0.6548E+02  0.5614E+02  0.4828E+02
  0.4210E+02  0.3476E+02  0.2763E+02  0.1531E+02  0.9575E+01
  0.6537E+01  0.4643E+01  0.3482E+01  0.2670E+01  0.9743E+00
  0.4698E+00  0.2705E+00  0.1526E+00  0.9088E-01  0.8665E-01
  0.6176E-01  0.1965E-01  0.1016E-03  0.1251E+05  0.1248E+05
  0.1243E+05  0.1232E+05  0.1219E+05  0.1201E+05  0.1180E+05
  0.1130E+05  0.1070E+05  0.9863E+04  0.8982E+04  0.8100E+04
  0.7255E+04  0.5753E+04  0.4532E+04  0.3540E+04  0.2751E+04
  0.1702E+04  0.1092E+04  0.7317E+03  0.5120E+03  0.3763E+03
  0.2837E+03  0.2214E+03  0.1777E+03  0.1486E+03  0.1239E+03
  0.1053E+03  0.9129E+02  0.7476E+02  0.6017E+02  0.3797E+02
  0.2404E+02  0.1639E+02  0.1166E+02  0.8729E+01  0.6702E+01
  0.2443E+01  0.1179E+01  0.6779E+00  0.3827E+00  0.2279E+00
  0.2152E+00  0.1524E+00  0.4843E-01  0.1682E-03  0.1718E+05
  0.1716E+05  0.1709E+05  0.1698E+05  0.1683E+05  0.1663E+05
  0.1640E+05  0.1583E+05  0.1515E+05  0.1418E+05  0.1315E+05
  0.1211E+05  0.1108E+05  0.9190E+04  0.7557E+04  0.6140E+04
  0.4948E+04  0.3258E+04  0.2186E+04  0.1508E+04  0.1071E+04
  0.7893E+03  0.5955E+03  0.4641E+03  0.3698E+03  0.3043E+03
  0.2510E+03  0.2110E+03  0.1794E+03  0.1384E+03  0.1106E+03
  0.7869E+02  0.5033E+02  0.3429E+02  0.2440E+02  0.1826E+02
  0.1403E+02  0.5109E+01  0.2467E+01  0.1417E+01  0.8009E+00
  0.4769E+00  0.4471E+00  0.3151E+00  0.1001E+00  0.2609E-03
