  Ple                   3488.   0.71   0.22   0.09
    50   0.0   0.0    1.0000  0.0001
  46
      4340.475      4340.485      4340.495      4340.505      4340.515
      4340.525      4340.535      4340.555      4340.575      4340.600
      4340.625      4340.650      4340.675      4340.725      4340.775
      4340.825      4340.875      4340.975      4341.075      4341.175
      4341.275      4341.375      4341.475      4341.575      4341.675
      4341.775      4341.875      4341.975      4342.075      4342.275
      4342.475      4342.975      4343.475      4343.975      4344.475
      4344.975      4345.475      4347.975      4350.475      4352.975
      4355.475      4357.975      4360.475      4365.475      4370.475
      4375.475
  0.6172E-10  0.6098E-10  0.5878E-10  0.5526E-10  0.5084E-10
  0.4554E-10  0.3993E-10  0.2843E-10  0.1829E-10  0.9087E-11
  0.3787E-11  0.1293E-11  0.3426E-12 -0.6187E-15 -0.2438E-14
 -0.2162E-15 -0.2979E-16 -0.1929E-16 -0.1224E-16 -0.9093E-17
 -0.6738E-17 -0.5357E-17 -0.4272E-17 -0.3544E-17 -0.2952E-17
 -0.2521E-17 -0.2162E-17 -0.1887E-17 -0.1652E-17 -0.1304E-17
 -0.1055E-17 -0.6748E-18 -0.4680E-18 -0.3437E-18 -0.2630E-18
 -0.2078E-18 -0.1683E-18 -0.7481E-19 -0.4207E-19 -0.2687E-19
 -0.1874E-19 -0.1371E-19 -0.1052E-19 -0.6689E-20 -0.4716E-20
 -0.3398E-20  0.1569E-09  0.1552E-09  0.1500E-09  0.1418E-09
  0.1313E-09  0.1187E-09  0.1053E-09  0.7731E-10  0.5191E-10
  0.2782E-10  0.1295E-10  0.5230E-11  0.1828E-11  0.1426E-12
  0.5801E-14  0.8313E-16 -0.1568E-16 -0.1008E-16 -0.6378E-17
 -0.4735E-17 -0.3508E-17 -0.2788E-17 -0.2223E-17 -0.1844E-17
 -0.1536E-17 -0.1312E-17 -0.1125E-17 -0.9814E-18 -0.8594E-18
 -0.6781E-18 -0.5488E-18 -0.3509E-18 -0.2434E-18 -0.1788E-18
 -0.1368E-18 -0.1080E-18 -0.8749E-19 -0.3892E-19 -0.2188E-19
 -0.1396E-19 -0.9771E-20 -0.7122E-20 -0.5474E-20 -0.3460E-20
 -0.2474E-20 -0.1750E-20  0.3212E-09  0.3178E-09  0.3076E-09
  0.2912E-09  0.2704E-09  0.2454E-09  0.2184E-09  0.1621E-09
  0.1104E-09  0.6052E-10  0.2903E-10  0.1218E-10  0.4467E-11
  0.4012E-12  0.2099E-13  0.6516E-15  0.1386E-16  0.9275E-17
  0.5871E-17  0.4367E-17  0.3241E-17  0.2579E-17  0.2058E-17
  0.1707E-17  0.1423E-17  0.1215E-17  0.1042E-17  0.9098E-18
  0.7968E-18  0.6289E-18  0.5090E-18  0.3256E-18  0.2257E-18
  0.1658E-18  0.1269E-18  0.1003E-18  0.8122E-19  0.3604E-19
  0.2027E-19  0.1302E-19  0.8965E-20  0.6643E-20  0.5065E-20
  0.3285E-20  0.2210E-20  0.1691E-20  0.6121E-09  0.6058E-09
  0.5867E-09  0.5561E-09  0.5171E-09  0.4700E-09  0.4194E-09
  0.3129E-09  0.2147E-09  0.1191E-09  0.5797E-10  0.2476E-10
  0.9280E-11  0.8806E-12  0.4971E-13  0.1761E-14  0.7738E-16
  0.5102E-16  0.3217E-16  0.2391E-16  0.1773E-16  0.1410E-16
  0.1125E-16  0.9331E-17  0.7772E-17  0.6640E-17  0.5694E-17
  0.4969E-17  0.4352E-17  0.3434E-17  0.2779E-17  0.1778E-17
  0.1233E-17  0.9055E-18  0.6929E-18  0.5475E-18  0.4433E-18
  0.1969E-18  0.1108E-18  0.7093E-19  0.4918E-19  0.3619E-19
  0.2768E-19  0.1776E-19  0.1226E-19  0.9076E-20  0.1128E-08
  0.1116E-08  0.1081E-08  0.1026E-08  0.9545E-09  0.8687E-09
  0.7762E-09  0.5814E-09  0.4008E-09  0.2241E-09  0.1101E-09
  0.4756E-10  0.1806E-10  0.1770E-11  0.1041E-12  0.3931E-14
  0.2145E-15  0.1411E-15  0.8884E-16  0.6602E-16  0.4895E-16
  0.3892E-16  0.3104E-16  0.2575E-16  0.2145E-16  0.1833E-16
  0.1572E-16  0.1371E-16  0.1201E-16  0.9478E-17  0.7670E-17
  0.4906E-17  0.3402E-17  0.2499E-17  0.1912E-17  0.1511E-17
  0.1223E-17  0.5435E-18  0.3057E-18  0.1957E-18  0.1358E-18
  0.9983E-19  0.7641E-19  0.4895E-19  0.3392E-19  0.2499E-19
  0.2045E-08  0.2024E-08  0.1962E-08  0.1862E-08  0.1734E-08
  0.1580E-08  0.1413E-08  0.1062E-08  0.7346E-09  0.4131E-09
  0.2045E-09  0.8909E-10  0.3417E-10  0.3430E-11  0.2079E-12
  0.8209E-14  0.5129E-15  0.3370E-15  0.2118E-15  0.1574E-15
  0.1167E-15  0.9278E-16  0.7399E-16  0.6139E-16  0.5113E-16
  0.4368E-16  0.3746E-16  0.3269E-16  0.2863E-16  0.2259E-16
  0.1828E-16  0.1169E-16  0.8108E-17  0.5956E-17  0.4557E-17
  0.3601E-17  0.2916E-17  0.1295E-17  0.7286E-18  0.4663E-18
  0.3237E-18  0.2379E-18  0.1821E-18  0.1166E-18  0.8090E-19
  0.5950E-19  0.3676E-08  0.3639E-08  0.3528E-08  0.3349E-08
  0.3122E-08  0.2846E-08  0.2549E-08  0.1919E-08  0.1333E-08
  0.7533E-09  0.3752E-09  0.1647E-09  0.6369E-10  0.6524E-11
  0.4055E-12  0.1665E-13  0.1162E-14  0.7647E-15  0.4788E-15
  0.3557E-15  0.2637E-15  0.2097E-15  0.1672E-15  0.1387E-15
  0.1155E-15  0.9870E-16  0.8464E-16  0.7386E-16  0.6468E-16
  0.5104E-16  0.4131E-16  0.2642E-16  0.1832E-16  0.1346E-16
  0.1030E-16  0.8135E-17  0.6588E-17  0.2927E-17  0.1646E-17
  0.1054E-17  0.7316E-18  0.5375E-18  0.4115E-18  0.2634E-18
  0.1828E-18  0.1344E-18  0.6575E-08  0.6510E-08  0.6313E-08
  0.5996E-08  0.5592E-08  0.5102E-08  0.4573E-08  0.3452E-08
  0.2404E-08  0.1365E-08  0.6842E-09  0.3024E-09  0.1179E-09
  0.1232E-10  0.7852E-12  0.3346E-13  0.2563E-14  0.1654E-14
  0.1058E-14  0.7863E-15  0.5828E-15  0.4634E-15  0.3695E-15
  0.3066E-15  0.2553E-15  0.2181E-15  0.1871E-15  0.1632E-15
  0.1429E-15  0.1128E-15  0.9128E-16  0.5838E-16  0.4048E-16
  0.2974E-16  0.2275E-16  0.1798E-16  0.1456E-16  0.6468E-17
  0.3638E-17  0.2328E-17  0.1617E-17  0.1188E-17  0.9094E-18
  0.5820E-18  0.4041E-18  0.2970E-18  0.1173E-07  0.1161E-07
  0.1126E-07  0.1070E-07  0.9988E-08  0.9120E-08  0.8181E-08
  0.6188E-08  0.4323E-08  0.2467E-08  0.1243E-08  0.5534E-09
  0.2175E-09  0.2317E-10  0.1514E-11  0.6695E-13  0.5878E-14
  0.3531E-14  0.2313E-14  0.1721E-14  0.1275E-14  0.1014E-14
  0.8084E-15  0.6707E-15  0.5586E-15  0.4772E-15  0.4092E-15
  0.3571E-15  0.3127E-15  0.2468E-15  0.1997E-15  0.1277E-15
  0.8856E-16  0.6505E-16  0.4978E-16  0.3933E-16  0.3185E-16
  0.1415E-16  0.7958E-17  0.5093E-17  0.3537E-17  0.2598E-17
  0.1989E-17  0.1273E-17  0.8841E-18  0.6496E-18  0.2088E-07
  0.2067E-07  0.2006E-07  0.1907E-07  0.1780E-07  0.1627E-07
  0.1460E-07  0.1107E-07  0.7756E-08  0.4447E-08  0.2254E-08
  0.1010E-08  0.3999E-09  0.4339E-10  0.2903E-11  0.1333E-12
  0.1341E-13  0.7615E-14  0.5032E-14  0.3743E-14  0.2774E-14
  0.2206E-14  0.1759E-14  0.1459E-14  0.1215E-14  0.1038E-14
  0.8901E-15  0.7767E-15  0.6802E-15  0.5367E-15  0.4343E-15
  0.2778E-15  0.1926E-15  0.1415E-15  0.1083E-15  0.8554E-16
  0.6927E-16  0.3078E-16  0.1731E-16  0.1108E-16  0.7692E-17
  0.5651E-17  0.4327E-17  0.2769E-17  0.1923E-17  0.1413E-17
  0.3704E-07  0.3668E-07  0.3560E-07  0.3386E-07  0.3163E-07
  0.2892E-07  0.2598E-07  0.1974E-07  0.1387E-07  0.7987E-08
  0.4070E-08  0.1836E-08  0.7323E-09  0.8091E-10  0.5540E-11
  0.2643E-12  0.2949E-13  0.1643E-13  0.1088E-13  0.8092E-14
  0.5996E-14  0.4767E-14  0.3801E-14  0.3153E-14  0.2626E-14
  0.2243E-14  0.1924E-14  0.1679E-14  0.1470E-14  0.1160E-14
  0.9387E-15  0.6003E-15  0.4163E-15  0.3058E-15  0.2340E-15
  0.1849E-15  0.1497E-15  0.6651E-16  0.3741E-16  0.2394E-16
  0.1662E-16  0.1221E-16  0.9350E-17  0.5984E-17  0.4156E-17
  0.3053E-17  0.6551E-07  0.6488E-07  0.6298E-07  0.5992E-07
  0.5600E-07  0.5125E-07  0.4608E-07  0.3509E-07  0.2472E-07
  0.1430E-07  0.7327E-08  0.3326E-08  0.1337E-08  0.1504E-09
  0.1053E-10  0.5226E-12  0.6383E-13  0.3538E-13  0.2337E-13
  0.1740E-13  0.1289E-13  0.1025E-13  0.8172E-14  0.6779E-14
  0.5646E-14  0.4823E-14  0.4136E-14  0.3609E-14  0.3160E-14
  0.2494E-14  0.2018E-14  0.1290E-14  0.8949E-15  0.6573E-15
  0.5030E-15  0.3974E-15  0.3218E-15  0.1430E-15  0.8041E-16
  0.5146E-16  0.3574E-16  0.2625E-16  0.2010E-16  0.1286E-16
  0.8933E-17  0.6563E-17  0.1153E-06  0.1142E-06  0.1109E-06
  0.1055E-06  0.9868E-07  0.9036E-07  0.8133E-07  0.6206E-07
  0.4385E-07  0.2547E-07  0.1312E-07  0.5995E-08  0.2427E-08
  0.2779E-09  0.1992E-10  0.1029E-11  0.1365E-12  0.7572E-13
  0.5037E-13  0.3708E-13  0.2747E-13  0.2184E-13  0.1741E-13
  0.1444E-13  0.1203E-13  0.1028E-13  0.8820E-14  0.7696E-14
  0.6735E-14  0.5318E-14  0.4303E-14  0.2752E-14  0.1908E-14
  0.1402E-14  0.1073E-14  0.8474E-15  0.6862E-15  0.3049E-15
  0.1715E-15  0.1097E-15  0.7621E-16  0.5599E-16  0.4286E-16
  0.2743E-16  0.1905E-16  0.1400E-16  0.2014E-06  0.1995E-06
  0.1938E-06  0.1845E-06  0.1726E-06  0.1582E-06  0.1425E-06
  0.1090E-06  0.7721E-07  0.4505E-07  0.2333E-07  0.1073E-07
  0.4374E-08  0.5097E-09  0.3737E-10  0.2011E-11  0.2885E-12
  0.1606E-12  0.1078E-12  0.7917E-13  0.5857E-13  0.4657E-13
  0.3708E-13  0.3077E-13  0.2560E-13  0.2188E-13  0.1860E-13
  0.1623E-13  0.1431E-13  0.1121E-13  0.9076E-14  0.5804E-14
  0.4025E-14  0.2956E-14  0.2263E-14  0.1787E-14  0.1448E-14
  0.6432E-15  0.3618E-15  0.2315E-15  0.1608E-15  0.1182E-15
  0.9046E-16  0.5790E-16  0.4021E-16  0.2954E-16  0.3497E-06
  0.3464E-06  0.3365E-06  0.3206E-06  0.3001E-06  0.2752E-06
  0.2481E-06  0.1901E-06  0.1351E-06  0.7917E-07  0.4122E-07
  0.1906E-07  0.7832E-08  0.9287E-09  0.6966E-10  0.3908E-11
  0.6042E-12  0.3377E-12  0.2273E-12  0.1680E-12  0.1241E-12
  0.9866E-13  0.7844E-13  0.6511E-13  0.5409E-13  0.4624E-13
  0.3922E-13  0.3424E-13  0.3020E-13  0.2363E-13  0.1911E-13
  0.1222E-13  0.8465E-14  0.6218E-14  0.4754E-14  0.3757E-14
  0.3040E-14  0.1350E-14  0.7587E-15  0.4855E-15  0.3370E-15
  0.2469E-15  0.1890E-15  0.1210E-15  0.8405E-16  0.6175E-16
  0.6037E-06  0.5980E-06  0.5811E-06  0.5537E-06  0.5186E-06
  0.4759E-06  0.4294E-06  0.3298E-06  0.2350E-06  0.1383E-06
  0.7238E-07  0.3369E-07  0.1394E-07  0.1682E-08  0.1291E-09
  0.7558E-11  0.1253E-11  0.7044E-12  0.4745E-12  0.3515E-12
  0.2593E-12  0.2062E-12  0.1638E-12  0.1360E-12  0.1129E-12
  0.9650E-13  0.8218E-13  0.7178E-13  0.6294E-13  0.4944E-13
  0.3997E-13  0.2555E-13  0.1767E-13  0.1298E-13  0.9915E-14
  0.7836E-14  0.6336E-14  0.2812E-14  0.1578E-14  0.1010E-14
  0.7005E-15  0.5129E-15  0.3931E-15  0.2507E-15  0.1741E-15
  0.1279E-15  0.1035E-05  0.1025E-05  0.9965E-06  0.9499E-06
  0.8902E-06  0.8175E-06  0.7382E-06  0.5682E-06  0.4059E-06
  0.2399E-06  0.1262E-06  0.5912E-07  0.2464E-07  0.3025E-08
  0.2376E-09  0.1453E-10  0.2627E-11  0.1456E-11  0.9803E-12
  0.7267E-12  0.5356E-12  0.4258E-12  0.3380E-12  0.2806E-12
  0.2327E-12  0.1991E-12  0.1697E-12  0.1483E-12  0.1297E-12
  0.1020E-12  0.8246E-13  0.5270E-13  0.3641E-13  0.2675E-13
  0.2042E-13  0.1614E-13  0.1304E-13  0.5785E-14  0.3245E-14
  0.2076E-14  0.1439E-14  0.1055E-14  0.8098E-15  0.5140E-15
  0.3569E-15  0.2622E-15  0.1762E-05  0.1745E-05  0.1697E-05
  0.1618E-05  0.1517E-05  0.1394E-05  0.1260E-05  0.9719E-06
  0.6962E-06  0.4133E-06  0.2186E-06  0.1030E-06  0.4324E-07
  0.5402E-08  0.4341E-09  0.2774E-10  0.5466E-11  0.2979E-11
  0.2004E-11  0.1486E-11  0.1094E-11  0.8699E-12  0.6899E-12
  0.5729E-12  0.4748E-12  0.4062E-12  0.3465E-12  0.3028E-12
  0.2644E-12  0.2081E-12  0.1681E-12  0.1074E-12  0.7418E-13
  0.5450E-13  0.4156E-13  0.3286E-13  0.2654E-13  0.1177E-13
  0.6597E-14  0.4221E-14  0.2925E-14  0.2145E-14  0.1648E-14
  0.1042E-14  0.7239E-15  0.5318E-15  0.2979E-05  0.2951E-05
  0.2870E-05  0.2738E-05  0.2568E-05  0.2362E-05  0.2136E-05
  0.1651E-05  0.1186E-05  0.7071E-06  0.3759E-06  0.1782E-06
  0.7535E-07  0.9577E-08  0.7876E-09  0.5266E-10  0.1113E-10
  0.6039E-11  0.4059E-11  0.3008E-11  0.2213E-11  0.1759E-11
  0.1394E-11  0.1158E-11  0.9589E-12  0.8203E-12  0.6997E-12
  0.6116E-12  0.5335E-12  0.4199E-12  0.3392E-12  0.2167E-12
  0.1495E-12  0.1098E-12  0.8372E-13  0.6619E-13  0.5343E-13
  0.2369E-13  0.1327E-13  0.8489E-14  0.5880E-14  0.4313E-14
  0.3316E-14  0.2092E-14  0.1453E-14  0.1067E-14  0.5003E-05
  0.4957E-05  0.4821E-05  0.4602E-05  0.4319E-05  0.3974E-05
  0.3598E-05  0.2787E-05  0.2007E-05  0.1202E-05  0.6421E-06
  0.3063E-06  0.1304E-06  0.1687E-07  0.1420E-08  0.9938E-10
  0.2237E-10  0.1213E-10  0.8143E-11  0.6033E-11  0.4434E-11
  0.3524E-11  0.2790E-11  0.2317E-11  0.1918E-11  0.1641E-11
  0.1399E-11  0.1223E-11  0.1066E-11  0.8389E-12  0.6775E-12
  0.4327E-12  0.2983E-12  0.2191E-12  0.1669E-12  0.1320E-12
  0.1065E-12  0.4719E-13  0.2642E-13  0.1690E-13  0.1170E-13
  0.8583E-14  0.6603E-14  0.4154E-14  0.2885E-14  0.2120E-14
  0.8353E-05  0.8278E-05  0.8053E-05  0.7689E-05  0.7221E-05
  0.6649E-05  0.6024E-05  0.4676E-05  0.3377E-05  0.2030E-05
  0.1091E-05  0.5234E-06  0.2244E-06  0.2953E-07  0.2545E-08
  0.1867E-09  0.4452E-10  0.2420E-10  0.1621E-10  0.1200E-10
  0.8812E-11  0.7002E-11  0.5539E-11  0.4600E-11  0.3804E-11
  0.3255E-11  0.2774E-11  0.2426E-11  0.2112E-11  0.1662E-11
  0.1342E-11  0.8567E-12  0.5900E-12  0.4334E-12  0.3300E-12
  0.2609E-12  0.2104E-12  0.9319E-13  0.5214E-13  0.3335E-13
  0.2308E-13  0.1692E-13  0.1303E-13  0.8175E-14  0.5677E-14
  0.4171E-14  0.1387E-04  0.1375E-04  0.1338E-04  0.1278E-04
  0.1201E-04  0.1107E-04  0.1003E-04  0.7804E-05  0.5651E-05
  0.3412E-05  0.1842E-05  0.8896E-06  0.3842E-06  0.5143E-07
  0.4539E-08  0.3493E-09  0.8796E-10  0.4793E-10  0.3204E-10
  0.2371E-10  0.1738E-10  0.1381E-10  0.1091E-10  0.9064E-11
  0.7489E-11  0.6409E-11  0.5456E-11  0.4773E-11  0.4153E-11
  0.3266E-11  0.2636E-11  0.1683E-11  0.1158E-11  0.8504E-12
  0.6469E-12  0.5115E-12  0.4123E-12  0.1825E-12  0.1020E-12
  0.6526E-13  0.4513E-13  0.3309E-13  0.2550E-13  0.1594E-13
  0.1107E-13  0.8135E-14  0.2297E-04  0.2276E-04  0.2215E-04
  0.2117E-04  0.1990E-04  0.1835E-04  0.1665E-04  0.1298E-04
  0.9425E-05  0.5715E-05  0.3102E-05  0.1507E-05  0.6555E-06
  0.8931E-07  0.8077E-08  0.6526E-09  0.1731E-09  0.9452E-10
  0.6305E-10  0.4660E-10  0.3413E-10  0.2711E-10  0.2140E-10
  0.1777E-10  0.1467E-10  0.1256E-10  0.1068E-10  0.9343E-11
  0.8122E-11  0.6384E-11  0.5150E-11  0.3287E-11  0.2259E-11
  0.1659E-11  0.1261E-11  0.9972E-12  0.8033E-12  0.3553E-12
  0.1985E-12  0.1269E-12  0.8772E-13  0.6429E-13  0.4959E-13
  0.3090E-13  0.2146E-13  0.1576E-13  0.3793E-04  0.3760E-04
  0.3660E-04  0.3499E-04  0.3291E-04  0.3037E-04  0.2758E-04
  0.2154E-04  0.1569E-04  0.9553E-05  0.5212E-05  0.2548E-05
  0.1116E-05  0.1548E-06  0.1436E-07  0.1220E-08  0.3398E-09
  0.1859E-09  0.1237E-09  0.9135E-10  0.6681E-10  0.5304E-10
  0.4181E-10  0.3472E-10  0.2863E-10  0.2451E-10  0.2083E-10
  0.1823E-10  0.1583E-10  0.1243E-10  0.1003E-10  0.6395E-11
  0.4389E-11  0.3224E-11  0.2448E-11  0.1936E-11  0.1558E-11
  0.6888E-12  0.3844E-12  0.2457E-12  0.1697E-12  0.1243E-12
  0.9601E-13  0.5957E-13  0.4137E-13  0.3039E-13  0.6265E-04
  0.6210E-04  0.6047E-04  0.5783E-04  0.5442E-04  0.5025E-04
  0.4568E-04  0.3576E-04  0.2611E-04  0.1597E-04  0.8760E-05
  0.4311E-05  0.1902E-05  0.2687E-06  0.2557E-07  0.2287E-08
  0.6675E-09  0.3659E-09  0.2428E-09  0.1790E-09  0.1307E-09
  0.1038E-09  0.8166E-10  0.6782E-10  0.5584E-10  0.4781E-10
  0.4058E-10  0.3552E-10  0.3081E-10  0.2419E-10  0.1950E-10
  0.1243E-10  0.8517E-11  0.6255E-11  0.4745E-11  0.3752E-11
  0.3018E-11  0.1333E-11  0.7428E-12  0.4748E-12  0.3276E-12
  0.2399E-12  0.1855E-12  0.1145E-12  0.7952E-13  0.5842E-13
  0.1037E-03  0.1028E-03  0.1001E-03  0.9578E-04  0.9018E-04
  0.8334E-04  0.7582E-04  0.5948E-04  0.4356E-04  0.2676E-04
  0.1476E-04  0.7311E-05  0.3251E-05  0.4680E-06  0.4575E-07
  0.4315E-08  0.1316E-08  0.7225E-09  0.4779E-09  0.3519E-09
  0.2565E-09  0.2034E-09  0.1599E-09  0.1328E-09  0.1091E-09
  0.9347E-10  0.7921E-10  0.6936E-10  0.6009E-10  0.4714E-10
  0.3797E-10  0.2419E-10  0.1655E-10  0.1215E-10  0.9205E-11
  0.7280E-11  0.5849E-11  0.2580E-11  0.1436E-11  0.9176E-12
  0.6324E-12  0.4628E-12  0.3584E-12  0.2200E-12  0.1528E-12
  0.1122E-12  0.1727E-03  0.1713E-03  0.1669E-03  0.1597E-03
  0.1505E-03  0.1391E-03  0.1267E-03  0.9964E-04  0.7318E-04
  0.4518E-04  0.2506E-04  0.1250E-04  0.5603E-05  0.8225E-06
  0.8274E-07  0.8247E-08  0.2625E-08  0.1441E-08  0.9497E-09
  0.6980E-09  0.5077E-09  0.4025E-09  0.3157E-09  0.2621E-09
  0.2151E-09  0.1842E-09  0.1559E-09  0.1366E-09  0.1181E-09
  0.9258E-10  0.7451E-10  0.4743E-10  0.3238E-10  0.2377E-10
  0.1798E-10  0.1422E-10  0.1141E-10  0.5027E-11  0.2793E-11
  0.1784E-11  0.1228E-11  0.8981E-12  0.6969E-12  0.4246E-12
  0.2948E-12  0.2166E-12  0.2913E-03  0.2889E-03  0.2815E-03
  0.2695E-03  0.2541E-03  0.2352E-03  0.2144E-03  0.1690E-03
  0.1245E-03  0.7725E-04  0.4312E-04  0.2166E-04  0.9792E-05
  0.1468E-05  0.1523E-06  0.1609E-07  0.5334E-08  0.2925E-08
  0.1919E-08  0.1407E-08  0.1021E-08  0.8089E-09  0.6330E-09
  0.5255E-09  0.4304E-09  0.3687E-09  0.3114E-09  0.2728E-09
  0.2356E-09  0.1845E-09  0.1483E-09  0.9430E-10  0.6423E-10
  0.4713E-10  0.3559E-10  0.2815E-10  0.2256E-10  0.9919E-11
  0.5500E-11  0.3511E-11  0.2413E-11  0.1763E-11  0.1371E-11
  0.8278E-12  0.5749E-12  0.4223E-12  0.4999E-03  0.4957E-03
  0.4832E-03  0.4630E-03  0.4367E-03  0.4046E-03  0.3691E-03
  0.2918E-03  0.2157E-03  0.1346E-03  0.7561E-04  0.3828E-04
  0.1747E-04  0.2679E-05  0.2875E-06  0.3227E-07  0.1113E-07
  0.6086E-08  0.3974E-08  0.2907E-08  0.2103E-08  0.1664E-08
  0.1299E-08  0.1078E-08  0.8806E-09  0.7545E-09  0.6358E-09
  0.5573E-09  0.4803E-09  0.3754E-09  0.3015E-09  0.1914E-09
  0.1300E-09  0.9535E-10  0.7184E-10  0.5681E-10  0.4545E-10
  0.1994E-10  0.1103E-10  0.7037E-11  0.4826E-11  0.3521E-11
  0.2747E-11  0.1639E-11  0.1138E-11  0.8363E-12  0.8793E-03
  0.8721E-03  0.8503E-03  0.8151E-03  0.7694E-03  0.7135E-03
  0.6517E-03  0.5167E-03  0.3834E-03  0.2406E-03  0.1362E-03
  0.6954E-04  0.3205E-04  0.5043E-05  0.5617E-06  0.6732E-07
  0.2409E-07  0.1313E-07  0.8521E-08  0.6210E-08  0.4478E-08
  0.3539E-08  0.2753E-08  0.2284E-08  0.1860E-08  0.1594E-08
  0.1340E-08  0.1175E-08  0.1010E-08  0.7879E-09  0.6318E-09
  0.4005E-09  0.2709E-09  0.1986E-09  0.1492E-09  0.1180E-09
  0.9418E-10  0.4120E-10  0.2271E-10  0.1448E-10  0.9901E-11
  0.7211E-11  0.5648E-11  0.3319E-11  0.2305E-11  0.1694E-11
  0.1607E-02  0.1593E-02  0.1554E-02  0.1491E-02  0.1408E-02
  0.1307E-02  0.1196E-02  0.9511E-03  0.7089E-03  0.4478E-03
  0.2555E-03  0.1318E-03  0.6143E-04  0.9948E-05  0.1156E-05
  0.1490E-06  0.5537E-07  0.2999E-07  0.1933E-07  0.1402E-07
  0.1007E-07  0.7942E-08  0.6155E-08  0.5102E-08  0.4141E-08
  0.3548E-08  0.2971E-08  0.2606E-08  0.2233E-08  0.1738E-08
  0.1391E-08  0.8797E-09  0.5921E-09  0.4336E-09  0.3246E-09
  0.2566E-09  0.2042E-09  0.8899E-10  0.4883E-10  0.3109E-10
  0.2118E-10  0.1539E-10  0.1212E-10  0.6875E-11  0.4840E-11
  0.3556E-11  0.3089E-02  0.3064E-02  0.2990E-02  0.2870E-02
  0.2714E-02  0.2523E-02  0.2310E-02  0.1845E-02  0.1382E-02
  0.8794E-03  0.5065E-03  0.2642E-03  0.1248E-03  0.2090E-04
  0.2554E-05  0.3569E-06  0.1378E-06  0.7403E-07  0.4728E-07
  0.3411E-07  0.2437E-07  0.1917E-07  0.1479E-07  0.1224E-07
  0.9891E-08  0.8472E-08  0.7065E-08  0.6198E-08  0.5290E-08
  0.4105E-08  0.3277E-08  0.2065E-08  0.1381E-08  0.1010E-08
  0.7521E-09  0.5942E-09  0.4712E-09  0.2041E-09  0.1113E-09
  0.7073E-10  0.4793E-10  0.3470E-10  0.2754E-10  0.1647E-10
  0.1066E-10  0.7832E-11  0.6312E-02  0.6262E-02  0.6114E-02
  0.5873E-02  0.5560E-02  0.5175E-02  0.4748E-02  0.3807E-02
  0.2868E-02  0.1841E-02  0.1072E-02  0.5666E-03  0.2718E-03
  0.4731E-04  0.6133E-05  0.9394E-06  0.3770E-06  0.2005E-06
  0.1268E-06  0.9081E-07  0.6452E-07  0.5057E-07  0.3878E-07
  0.3205E-07  0.2576E-07  0.2205E-07  0.1829E-07  0.1605E-07
  0.1363E-07  0.1054E-07  0.8381E-08  0.5256E-08  0.3486E-08
  0.2543E-08  0.1882E-08  0.1486E-08  0.1173E-08  0.5039E-09
  0.2724E-09  0.1726E-09  0.1161E-09  0.8359E-10  0.6707E-10
  0.4271E-10  0.2435E-10  0.1823E-10  0.1388E-01  0.1377E-01
  0.1345E-01  0.1294E-01  0.1226E-01  0.1143E-01  0.1051E-01
  0.8470E-02  0.6421E-02  0.4166E-02  0.2457E-02  0.1318E-02
  0.6437E-03  0.1173E-03  0.1633E-04  0.2777E-05  0.1162E-05
  0.6108E-06  0.3819E-06  0.2710E-06  0.1913E-06  0.1493E-06
  0.1137E-06  0.9379E-07  0.7490E-07  0.6403E-07  0.5282E-07
  0.4632E-07  0.3913E-07  0.3009E-07  0.2383E-07  0.1485E-07
  0.9747E-08  0.7089E-08  0.5204E-08  0.4103E-08  0.3216E-08
  0.1367E-08  0.7302E-09  0.4608E-09  0.3065E-09  0.2190E-09
  0.1784E-09  0.1172E-09  0.6613E-10  0.4531E-10  0.3325E-01
  0.3301E-01  0.3226E-01  0.3106E-01  0.2948E-01  0.2754E-01
  0.2537E-01  0.2057E-01  0.1572E-01  0.1032E-01  0.6177E-02
  0.3373E-02  0.1683E-02  0.3241E-03  0.4906E-04  0.9385E-05
  0.4097E-05  0.2125E-05  0.1314E-05  0.9230E-06  0.6477E-06
  0.5024E-06  0.3805E-06  0.3126E-06  0.2481E-06  0.2117E-06
  0.1736E-06  0.1520E-06  0.1277E-06  0.9764E-07  0.7695E-07
  0.4755E-07  0.3084E-07  0.2233E-07  0.1624E-07  0.1277E-07
  0.9936E-08  0.4159E-08  0.2189E-08  0.1373E-08  0.8993E-09
  0.6352E-09  0.5286E-09  0.3545E-09  0.1979E-09  0.1215E-09
  0.8760E-01  0.8696E-01  0.8507E-01  0.8199E-01  0.7795E-01
  0.7298E-01  0.6742E-01  0.5504E-01  0.4242E-01  0.2825E-01
  0.1720E-01  0.9588E-02  0.4902E-02  0.1007E-02  0.1684E-03
  0.3665E-04  0.1673E-04  0.8562E-05  0.5239E-05  0.3640E-05
  0.2542E-05  0.1958E-05  0.1475E-05  0.1206E-05  0.9527E-06
  0.8100E-06  0.6609E-06  0.5775E-06  0.4829E-06  0.3668E-06
  0.2875E-06  0.1759E-06  0.1127E-06  0.8108E-07  0.5838E-07
  0.4574E-07  0.3531E-07  0.1450E-07  0.7497E-08  0.4663E-08
  0.2994E-08  0.2081E-08  0.1779E-08  0.1215E-08  0.6427E-09
  0.3540E-09  0.2572E+00  0.2554E+00  0.2501E+00  0.2414E+00
  0.2299E+00  0.2159E+00  0.2000E+00  0.1646E+00  0.1281E+00
  0.8669E-01  0.5385E-01  0.3075E-01  0.1618E-01  0.3583E-02
  0.6681E-03  0.1636E-03  0.7707E-04  0.3885E-04  0.2359E-04
  0.1622E-04  0.1129E-04  0.8638E-05  0.6489E-05  0.5278E-05
  0.4156E-05  0.3519E-05  0.2863E-05  0.2493E-05  0.2079E-05
  0.1571E-05  0.1226E-05  0.7420E-06  0.4707E-06  0.3363E-06
  0.2403E-06  0.1874E-06  0.1437E-06  0.5787E-07  0.2940E-07
  0.1811E-07  0.1138E-07  0.7758E-08  0.6824E-08  0.4735E-08
  0.2336E-08  0.1135E-08  0.8568E+00  0.8511E+00  0.8341E+00
  0.8064E+00  0.7698E+00  0.7247E+00  0.6737E+00  0.5592E+00
  0.4403E+00  0.3034E+00  0.1927E+00  0.1130E+00  0.6136E-01
  0.1472E-01  0.3051E-02  0.8159E-03  0.3890E-03  0.1926E-03
  0.1163E-03  0.7925E-04  0.5514E-04  0.4189E-04  0.3145E-04
  0.2544E-04  0.2003E-04  0.1687E-04  0.1373E-04  0.1190E-04
  0.9923E-05  0.7468E-05  0.5806E-05  0.3482E-05  0.2196E-05
  0.1558E-05  0.1108E-05  0.8595E-06  0.6572E-06  0.2600E-06
  0.1304E-06  0.7951E-07  0.4901E-07  0.3277E-07  0.2952E-07
  0.2073E-07  0.9577E-08  0.4070E-08  0.3225E+01  0.3205E+01
  0.3144E+01  0.3045E+01  0.2913E+01  0.2751E+01  0.2567E+01
  0.2151E+01  0.1714E+01  0.1203E+01  0.7823E+00  0.4717E+00
  0.2646E+00  0.6875E-01  0.1562E-01  0.4409E-02  0.2084E-02
  0.1008E-02  0.6066E-03  0.4102E-03  0.2856E-03  0.2156E-03
  0.1621E-03  0.1304E-03  0.1028E-03  0.8619E-04  0.7023E-04
  0.6061E-04  0.5063E-04  0.3800E-04  0.2948E-04  0.1754E-04
  0.1104E-04  0.7782E-05  0.5528E-05  0.4264E-05  0.3258E-05
  0.1271E-05  0.6326E-06  0.3824E-06  0.2323E-06  0.1527E-06
  0.1397E-06  0.9882E-07  0.4343E-07  0.1637E-07  0.1330E+02
  0.1322E+02  0.1298E+02  0.1259E+02  0.1208E+02  0.1144E+02
  0.1071E+02  0.9053E+01  0.7299E+01  0.5219E+01  0.3469E+01
  0.2148E+01  0.1242E+01  0.3469E+00  0.8496E-01  0.2478E-01
  0.1149E-01  0.5412E-02  0.3245E-02  0.2181E-02  0.1520E-02
  0.1142E-02  0.8600E-03  0.6884E-03  0.5441E-03  0.4540E-03
  0.3709E-03  0.3187E-03  0.2668E-03  0.2000E-03  0.1549E-03
  0.9157E-04  0.5766E-04  0.4042E-04  0.2873E-04  0.2205E-04
  0.1687E-04  0.6515E-05  0.3230E-05  0.1939E-05  0.1166E-05
  0.7568E-06  0.6975E-06  0.4945E-06  0.2103E-06  0.7232E-07
  0.5745E+02  0.5712E+02  0.5614E+02  0.5455E+02  0.5242E+02
  0.4979E+02  0.4677E+02  0.3988E+02  0.3251E+02  0.2365E+02
  0.1605E+02  0.1019E+02  0.6058E+01  0.1804E+01  0.4696E+00
  0.1391E+00  0.6249E-01  0.2855E-01  0.1706E-01  0.1141E-01
  0.7959E-02  0.5953E-02  0.4494E-02  0.3583E-02  0.2839E-02
  0.2360E-02  0.1933E-02  0.1654E-02  0.1389E-02  0.1040E-02
  0.8052E-03  0.4736E-03  0.2987E-03  0.2085E-03  0.1484E-03
  0.1135E-03  0.8700E-04  0.3337E-04  0.1653E-04  0.9872E-05
  0.5906E-05  0.3800E-05  0.3504E-05  0.2483E-05  0.1038E-05
  0.3389E-06  0.2358E+03  0.2346E+03  0.2307E+03  0.2245E+03
  0.2162E+03  0.2059E+03  0.1940E+03  0.1668E+03  0.1373E+03
  0.1015E+03  0.7024E+02  0.4558E+02  0.2780E+02  0.8759E+01
  0.2393E+01  0.7105E+00  0.3065E+00  0.1352E+00  0.8060E-01
  0.5373E-01  0.3753E-01  0.2800E-01  0.2117E-01  0.1684E-01
  0.1336E-01  0.1108E-01  0.9093E-02  0.7766E-02  0.6534E-02
  0.4891E-02  0.3785E-02  0.2220E-02  0.1402E-02  0.9761E-03
  0.6962E-03  0.5309E-03  0.4078E-03  0.1559E-03  0.7729E-04
  0.4603E-04  0.2748E-04  0.1761E-04  0.1620E-04  0.1146E-04
  0.4767E-05  0.1535E-05  0.8204E+03  0.8161E+03  0.8035E+03
  0.7829E+03  0.7551E+03  0.7207E+03  0.6810E+03  0.5894E+03
  0.4897E+03  0.3668E+03  0.2579E+03  0.1705E+03  0.1061E+03
  0.3473E+02  0.9656E+01  0.2741E+01  0.1082E+01  0.4546E+00
  0.2726E+00  0.1824E+00  0.1276E+00  0.9537E-01  0.7216E-01
  0.5746E-01  0.4563E-01  0.3787E-01  0.3108E-01  0.2657E-01
  0.2236E-01  0.1675E-01  0.1297E-01  0.7624E-02  0.4821E-02
  0.3361E-02  0.2400E-02  0.1832E-02  0.1408E-02  0.5405E-03
  0.2688E-03  0.1605E-03  0.9619E-04  0.6188E-04  0.5706E-04
  0.4046E-04  0.1713E-04  0.5820E-05  0.2360E+04  0.2349E+04
  0.2314E+04  0.2258E+04  0.2181E+04  0.2087E+04  0.1977E+04
  0.1723E+04  0.1444E+04  0.1096E+04  0.7833E+03  0.5270E+03
  0.3341E+03  0.1130E+03  0.3092E+02  0.7155E+01  0.1486E+01
  0.6616E-01  0.3136E-01  0.4004E-01  0.3179E-01  0.3018E-01
  0.2281E-01  0.2135E-01  0.1641E-01  0.1553E-01  0.1220E-01
  0.1168E-01  0.9368E-02  0.7395E-02  0.5966E-02  0.4075E-02
  0.2606E-02  0.2036E-02  0.1447E-02  0.1209E-02  0.9134E-03
  0.4184E-03  0.2222E-03  0.1469E-03  0.9741E-04  0.7064E-04
  0.7013E-04  0.5317E-04  0.2928E-04  0.1680E-04  0.6017E+04
  0.5990E+04  0.5909E+04  0.5777E+04  0.5598E+04  0.5375E+04
  0.5115E+04  0.4510E+04  0.3836E+04  0.2980E+04  0.2190E+04
  0.1524E+04  0.1005E+04  0.3773E+03  0.1236E+03  0.4269E+02
  0.1957E+02  0.5868E+01  0.9109E+00 -0.5743E-01 -0.1029E+00
 -0.4942E-01 -0.3635E-01 -0.1371E-01 -0.1348E-01 -0.2199E-02
 -0.4681E-02  0.1905E-02 -0.8669E-03  0.8586E-03  0.1573E-02
  0.3323E-02  0.2005E-02  0.2344E-02  0.1531E-02  0.1625E-02
  0.1113E-02  0.6852E-03  0.3777E-03  0.2821E-03  0.1874E-03
  0.1395E-03  0.1915E-03  0.1684E-03  0.8966E-04  0.4904E-04
  0.1415E+05  0.1410E+05  0.1394E+05  0.1367E+05  0.1331E+05
  0.1287E+05  0.1234E+05  0.1110E+05  0.9697E+04  0.7862E+04
  0.6105E+04  0.4548E+04  0.3261E+04  0.1523E+04  0.6612E+03
  0.2977E+03  0.1599E+03  0.8527E+02  0.5598E+02  0.3298E+02
  0.1966E+02  0.1351E+02  0.1011E+02  0.7934E+01  0.6317E+01
  0.5179E+01  0.4266E+01  0.3603E+01  0.3045E+01  0.2266E+01
  0.1744E+01  0.1003E+01  0.6311E+00  0.4317E+00  0.3073E+00
  0.2308E+00  0.1773E+00  0.6515E-01  0.3163E-01  0.1830E-01
  0.1041E-01  0.6258E-02  0.5971E-02  0.4271E-02  0.1446E-02
  0.1247E-03  0.2759E+05  0.2750E+05  0.2724E+05  0.2682E+05
  0.2624E+05  0.2551E+05  0.2466E+05  0.2262E+05  0.2027E+05
  0.1713E+05  0.1401E+05  0.1112E+05  0.8603E+04  0.4856E+04
  0.2640E+04  0.1460E+04  0.8654E+03  0.4107E+03  0.2640E+03
  0.1944E+03  0.1436E+03  0.1031E+03  0.7542E+02  0.5815E+02
  0.4623E+02  0.3773E+02  0.3113E+02  0.2619E+02  0.2218E+02
  0.1648E+02  0.1267E+02  0.7247E+01  0.4564E+01  0.3106E+01
  0.2215E+01  0.1655E+01  0.1275E+01  0.4644E+00  0.2251E+00
  0.1293E+00  0.7350E-01  0.4406E-01  0.4022E-01  0.2789E-01
  0.9042E-02  0.2744E-03  0.4618E+05  0.4605E+05  0.4570E+05
  0.4511E+05  0.4430E+05  0.4328E+05  0.4208E+05  0.3919E+05
  0.3581E+05  0.3119E+05  0.2649E+05  0.2199E+05  0.1791E+05
  0.1139E+05  0.7042E+04  0.4373E+04  0.2799E+04  0.1335E+04
  0.7899E+03  0.5489E+03  0.4173E+03  0.3319E+03  0.2625E+03
  0.2054E+03  0.1623E+03  0.1318E+03  0.1087E+03  0.9136E+02
  0.7741E+02  0.5749E+02  0.4420E+02  0.2524E+02  0.1590E+02
  0.1081E+02  0.7711E+01  0.5755E+01  0.4436E+01  0.1613E+01
  0.7815E+00  0.4480E+00  0.2551E+00  0.1531E+00  0.1372E+00
  0.9391E-01  0.3014E-01  0.5022E-03  0.7039E+05  0.7023E+05
  0.6977E+05  0.6901E+05  0.6796E+05  0.6663E+05  0.6507E+05
  0.6127E+05  0.5679E+05  0.5057E+05  0.4411E+05  0.3776E+05
  0.3183E+05  0.2185E+05  0.1464E+05  0.9764E+04  0.6597E+04
  0.3282E+04  0.1896E+04  0.1250E+04  0.9126E+03  0.7192E+03
  0.5885E+03  0.4901E+03  0.4040E+03  0.3309E+03  0.2723E+03
  0.2283E+03  0.1934E+03  0.1436E+03  0.1104E+03  0.6301E+02
  0.3970E+02  0.2696E+02  0.1924E+02  0.1435E+02  0.1107E+02
  0.4020E+01  0.1948E+01  0.1116E+01  0.6362E+00  0.3823E+00
  0.3390E+00  0.2302E+00  0.7357E-01  0.8277E-03  0.1007E+06
  0.1005E+06  0.9997E+05  0.9902E+05  0.9773E+05  0.9609E+05
  0.9415E+05  0.8941E+05  0.8376E+05  0.7583E+05  0.6745E+05
  0.5907E+05  0.5105E+05  0.3702E+05  0.2624E+05  0.1843E+05
  0.1298E+05  0.6764E+04  0.3929E+04  0.2541E+04  0.1787E+04
  0.1350E+04  0.1087E+04  0.9193E+03  0.7836E+03  0.6665E+03
  0.5624E+03  0.4754E+03  0.4034E+03  0.2995E+03  0.2302E+03
  0.1313E+03  0.8276E+02  0.5618E+02  0.4011E+02  0.2991E+02
  0.2307E+02  0.8376E+01  0.4059E+01  0.2324E+01  0.1326E+01
  0.7981E+00  0.7020E+00  0.4738E+00  0.1511E+00  0.1278E-02
