LI 0.40 0.05 33      6.94      5.39     75.64      3.00
  9866     0  3010  7872     0  3010  6510     0  3010  5558     0  3010  4882
     0  3010  4395     0  3010  4041     0  3010  3781     0  3010  3588     0
  3010  3445     0  3010  3338     0  3010  3258     0  3010  3198     0  3010
  3153     0  3010  3120     0  3010  3094     0  3010  3075     0  3010  3061
     0  3010  3050     0  3010  3042     0  3010  3036     0  3010  3032     0
  3010  3028     0  3010  3026     0  3010  3024     0  3010  3022     0  3010
  3021     0  3010  3020     0  3010  3019     0  3010  3018     0  3010  3017
     0  3010  3016     0  3010  3015     0  3010
L7 0.40 0.05 33      6.94      5.39     75.64      3.00
  9866     0  3010  7872     0  3010  6510     0  3010  5558     0  3010  4882
     0  3010  4395     0  3010  4041     0  3010  3781     0  3010  3588     0
  3010  3445     0  3010  3338     0  3010  3258     0  3010  3198     0  3010
  3153     0  3010  3120     0  3010  3094     0  3010  3075     0  3010  3061
     0  3010  3050     0  3010  3042     0  3010  3036     0  3010  3032     0
  3010  3028     0  3010  3026     0  3010  3024     0  3010  3022     0  3010
  3021     0  3010  3020     0  3010  3019     0  3010  3018     0  3010  3017
     0  3010  3016     0  3010  3015     0  3010
L6 0.40 0.05 33      6.94      5.39     75.64      3.00
  9866     0  3010  7872     0  3010  6510     0  3010  5558     0  3010  4882
     0  3010  4395     0  3010  4041     0  3010  3781     0  3010  3588     0
  3010  3445     0  3010  3338     0  3010  3258     0  3010  3198     0  3010
  3153     0  3010  3120     0  3010  3094     0  3010  3075     0  3010  3061
     0  3010  3050     0  3010  3042     0  3010  3036     0  3010  3032     0
  3010  3028     0  3010  3026     0  3010  3024     0  3010  3022     0  3010
  3021     0  3010  3020     0  3010  3019     0  3010  3018     0  3010  3017
     0  3010  3016     0  3010  3015     0  3010
BE 0.40 0.05 33      9.00      9.32     18.21
  3282  3338     0  2311  3220     0  1650  3145     0  1190  3096     0   865
  3065     0   632  3044     0   464  3031     0   341  3023     0   251  3017
     0   185  3014     0   136  3012     0    99  3011     0    73  3010     0
    53  3010     0    38  3010     0    28  3011     0    20  3011     0    14
  3011     0    10  3011     0     7  3011     0     5  3011     0     4  3011
     0     3  3011     0     2  3011     0     2  3011     0     2  3011     0
     2  3011     0     1  3011     0     1  3010     0     1  3010     0     1
  3010     0     1  3010     0     1  3009     0
 B 0.40 0.05 33     11.00      8.30     25.15
  8308   513  3338  8109   310  3220  7984   186  3145  7905   110  3096  7855
    62  3065  7823    33  3044  7802    16  3031  7790     6  3023  7782     1
  3017  7777    -1  3014  7775    -1  3012  7774    -1  3011  7773     0  3011
  7773     0  3011  7773     1  3011  7773     2  3011  7773     3  3011  7773
     4  3011  7773     4  3011  7773     4  3011  7772     4  3011  7772     4
  3011  7771     4  3011  7770     4  3011  7769     3  3011  7768     2  3011
  7767     2  3011  7766     1  3011  7765     1  3010  7763     0  3010  7762
     0  3010  7761     0  3010  7760    -1  3009
 C 0.40 0.05 33     12.00     11.26     24.38      8.55
 10374  7824    99 10229  7791    46 10114  7771    18 10021  7759     4  9944
  7752    -2  9881  7747    -4  9828  7743    -4  9783  7740    -3  9745  7738
    -1  9713  7736     0  9684  7734     1  9660  7732     3  9639  7729     4
  9620  7727     4  9604  7725     5  9589  7722     5  9577  7720     5  9565
  7717     5  9555  7714     4  9546  7711     4  9538  7708     3  9531  7706
     2  9524  7703     2  9518  7700     1  9512  7697     0  9508  7694     0
  9503  7691     0  9499  7688    -1  9495  7685    -1  9491  7682    -2  9488
  7679    -2  9485  7677    -3  9482  7674    -3
 N 0.40 0.05 33     14.01     14.53     29.59      7.97
  7294  9930  7737  6983  9834  7722  6753  9758  7710  6580  9698  7701  6449
  9650  7693  6348  9610  7685  6271  9577  7678  6210  9550  7671  6164  9527
  7664  6128  9507  7658  6099  9490  7651  6078  9475  7644  6061  9462  7637
  6048  9450  7630  6038  9440  7622  6031  9430  7615  6026  9422  7608  6022
  9413  7601  6019  9406  7593  6018  9398  7586  6017  9391  7579  6017  9385
  7572  6017  9378  7564  6017  9372  7557  6018  9366  7550  6019  9360  7543
  6019  9353  7535  6020  9347  7528  6021  9341  7521  6022  9335  7514  6023
  9329  7507  6024  9323  7499  6024  9317  7492
 O 0.40 0.05 33     16.00     13.62     35.12      8.91
  9911  6550  9678  9814  6384  9606  9741  6272  9550  9684  6194  9506  9640
  6140  9470  9604  6102  9439  9575  6075  9412  9551  6056  9389  9531  6043
  9367  9514  6034  9348  9499  6027  9330  9486  6023  9312  9474  6020  9296
  9464  6018  9280  9455  6017  9265  9447  6017  9250  9439  6017  9235  9432
  6018  9221  9425  6018  9207  9419  6019  9193  9413  6019  9179  9407  6020
  9165  9401  6020  9151  9396  6021  9137  9391  6021  9123  9386  6022  9109
  9381  6022  9096  9376  6023  9082  9371  6023  9068  9366  6023  9054  9362
  6023  9040  9357  6023  9026  9352  6023  9012
NA 0.40 0.05 33     23.00      5.14     47.29      6.33
 10354     0  7567  8137     0  7542  6636     0  7517  5598     0  7492  4869
     0  7468  4351     0  7444  3979     0  7421  3711     0  7397  3516     0
  7374  3374     0  7352  3271     0  7330  3195     0  7308  3141     0  7286
  3102     0  7265  3074     0  7244  3054     0  7223  3040     0  7202  3030
     0  7182  3024     0  7162  3020     0  7143  3018     0  7124  3016     0
  7105  3015     0  7086  3015     0  7068  3015     0  7050  3015     0  7032
  3016     0  7014  3016     0  6997  3016     0  6980  3016     0  6963  3016
     0  6947  3015     0  6931  3015     0  6915
MG 0.40 0.05 33     24.32      7.64     15.03      7.58
  4784  3260     0  3267  3156     0  2258  3094     0  1574  3057     0  1104
  3035     0   776  3022     0   547  3015     0   385  3012     0   270  3010
     0   190  3010     0   133  3010     0    93  3011     0    65  3012     0
    46  3012     0    33  3013     0    24  3013     0    18  3014     0    15
  3014     0    12  3014     0    11  3014     0    10  3013     0    10  3013
     0     9  3013     0     9  3012     0     8  3012     0     8  3011     0
     7  3010     0     7  3010     0     6  3009     0     5  3009     0     4
  3008     0     3  3008     0     2  3008     0
AL 0.40 0.05 33     26.97      5.98     18.82      6.47
  9731   533  3040  9012   315  3024  8552   184  3015  8252   104  3011  8055
    57  3009  7925    29  3008  7838    13  3008  7781     5  3009  7743     1
  3009  7718     0  3010  7702     0  3010  7691     1  3011  7684     3  3011
  7679     4  3011  7676     5  3012  7673     6  3012  7671     7  3012  7668
     7  3011  7665     7  3011  7662     7  3011  7659     6  3011  7655     6
  3011  7651     5  3010  7646     4  3010  7642     3  3010  7637     2  3010
  7631     1  3010  7626     0  3009  7621     0  3009  7615    -1  3009  7609
    -2  3009  7604    -3  3009  7598    -4  3009
SI 0.40 0.05 33     28.06      8.15     16.34      7.55
 11114  7778   101 10812  7719    48 10593  7681    19 10427  7656     4 10296
  7638    -2 10190  7624    -4 10102  7612    -4 10026  7601    -3  9961  7591
    -1  9902  7580     0  9850  7570     1  9802  7559     2  9758  7548     4
  9717  7537     4  9679  7526     5  9644  7514     5  9611  7503     5  9579
  7491     5  9549  7479     4  9521  7467     4  9494  7455     3  9468  7442
     2  9444  7430     2  9420  7418     1  9398  7406     0  9376  7394     0
  9356  7382     0  9336  7370    -1  9317  7358    -1  9299  7346    -2  9281
  7334    -2  9265  7323    -3  9248  7311    -3
 P 0.40 0.05 33     30.97     10.49     19.73      0.00
  8857 10274  7603  8462 10146  7570  8114 10032  7541  7812  9930  7515  7552
  9840  7490  7329  9759  7466  7139  9685  7443  6976  9619  7419  6836  9558
  7396  6716  9503  7373  6614  9451  7350  6526  9404  7328  6451  9360  7305
  6386  9319  7282  6331  9280  7259  6284  9244  7236  6243  9210  7213  6208
  9177  7190  6179  9146  7167  6153  9117  7144  6132  9088  7121  6113  9061
  7098  6098  9034  7075  6084  9009  7053  6073  8984  7030  6064  8960  7008
  6056  8937  6985  6049  8914  6963  6044  8892  6941  6039  8870  6919  6036
  8849  6896  6033  8828  6874  6030  8807  6853
 S 0.40 0.05 33     32.06     10.36     23.33      7.21
 12817  7917  9942 12640  7580  9810 12491  7300  9692 12365  7069  9587 12255
  6879  9492 12160  6722  9407 12075  6593  9330 11998  6487  9259 11930  6399
  9194 11868  6327  9134 11811  6267  9078 11758  6218  9025 11710  6178  8975
 11665  6146  8927 11623  6119  8882 11584  6097  8838 11547  6080  8796 11512
  6066  8755 11480  6054  8715 11448  6046  8677 11419  6039  8639 11390  6034
  8602 11363  6030  8566 11337  6027  8530 11312  6025  8495 11288  6024  8460
 11265  6023  8426 11243  6023  8392 11221  6023  8358 11200  6024  8325 11180
  6024  8292 11160  6025  8259 11141  6025  8227
CL 0.40 0.05 33     35.45     12.97     23.81      0.00
  7692 10013  7366  7646  9898  7076  7614  9798  6848  7590  9709  6670  7569
  9632  6529  7552  9563  6417  7535  9502  6328  7520  9447  6258  7505  9398
  6202  7490  9353  6158  7476  9313  6123  7461  9275  6096  7446  9240  6075
  7432  9208  6058  7417  9178  6045  7402  9149  6036  7387  9122  6029  7372
  9097  6024  7358  9072  6020  7343  9049  6018  7328  9027  6017  7314  9005
  6017  7299  8984  6017  7285  8964  6017  7271  8944  6018  7257  8925  6019
  7243  8906  6021  7229  8887  6022  7216  8869  6023  7202  8852  6025  7189
  8834  6026  7176  8817  6027  7163  8800  6028
AR 0.40 0.05 33     39.95     15.76     27.63      0.00
    24  7558  9781     8  7532  9664     0  7506  9562    -2  7480  9473    -3
  7455  9394    -3  7430  9325    -2  7406  9262    -1  7382  9206     0  7358
  9154     0  7334  9107     0  7311  9063     1  7289  9022     1  7266  8984
     2  7244  8947     2  7222  8913     2  7201  8880     2  7180  8849     2
  7159  8819     2  7139  8790     1  7119  8762     1  7099  8734     1  7080
  8708     0  7060  8682     0  7042  8656     0  7023  8632     0  7005  8607
     0  6987  8584     0  6969  8560     0  6952  8537    -1  6935  8515    -1
  6918  8493    -1  6902  8471    -1  6886  8449
 K 0.40 0.05 33     39.10      4.34     31.63      5.12
 13292     0  7456 10666     0  7418  8793     0  7382  7429     0  7346  6417
     0  7311  5656     0  7276  5076     0  7242  4631     0  7209  4286     0
  7177  4017     0  7145  3805     0  7114  3639     0  7084  3507     0  7054
  3403     0  7026  3320     0  6998  3254     0  6970  3202     0  6944  3160
     0  6918  3127     0  6892  3101     0  6868  3080     0  6844  3064     0
  6821  3051     0  6798  3041     0  6776  3034     0  6755  3028     0  6734
  3023     0  6713  3020     0  6694  3018     0  6674  3016     0  6656  3015
     0  6638  3014     0  6620  3014     0  6603
CA 0.40 0.05 33     40.08      6.11     11.87      6.36
 13315  6583     0 10057  6044     0  7699  5574     0  5957  5171     0  4647
  4827     0  3649  4536     0  2880  4289     0  2282  4081     0  1812  3905
     0  1442  3757     0  1149  3632     0   915  3527     0   728  3438     0
   578  3363     0   458  3300     0   362  3247     0   284  3203     0   223
  3167     0   173  3136     0   133  3111     0   102  3090     0    77  3073
     0    58  3059     0    43  3047     0    31  3038     0    22  3031     0
    16  3026     0    11  3022     0     7  3019     0     5  3017     0     4
  3015     0     3  3014     0     3  3014     0
SC 0.40 0.05 33     44.96      6.54     12.80      3.10
 20779 15953  9989 18392 15601  9966 16614 15307  9948 15262 15053  9934 14217
 14830  9922 13398 14629  9911 12749 14448  9902 12228 14281  9893 11808 14128
  9884 11467 13986  9876 11187 13854  9868 10957 13731  9861 10766 13615  9853
 10607 13507  9846 10475 13405  9838 10365 13309  9831 10272 13219  9824 10193
 13133  9816 10127 13053  9809 10070 12976  9802 10023 12904  9795  9982 12835
  9788  9947 12770  9780  9917 12708  9773  9891 12650  9766  9868 12594  9759
  9848 12541  9751  9831 12490  9744  9816 12442  9737  9803 12396  9730  9791
 12353  9723  9780 12311  9715  9770 12272  9708
TI 0.40 0.05 33     47.90      6.83     13.57      5.02
 23241 19953 14346 21440 19575 14160 20055 19250 13998 18965 18968 13857 18090
 18721 13735 17377 18501 13628 16787 18306 13534 16293 18130 13451 15876 17970
 13377 15519 17825 13312 15212 17692 13254 14946 17570 13201 14714 17457 13153
 14510 17351 13110 14330 17253 13070 14170 17162 13034 14027 17076 13000 13899
 16994 12969 13784 16918 12940 13680 16845 12912 13586 16776 12887 13501 16710
 12862 13423 16647 12839 13351 16586 12817 13286 16528 12796 13225 16473 12776
 13170 16419 12757 13118 16367 12738 13070 16317 12720 13026 16268 12702 12984
 16221 12684 12946 16175 12668 12910 16130 12651
 V 0.40 0.05 33     50.94      6.74     14.65      4.00
 24081 20233 16176 22371 19645 15875 21119 19139 15611 20176 18701 15381 19447
 18320 15183 18870 17987 15012 18404 17693 14864 18022 17432 14736 17701 17200
 14624 17430 16991 14527 17196 16803 14442 16991 16633 14367 16811 16478 14300
 16649 16336 14241 16504 16205 14188 16372 16085 14140 16250 15974 14097 16138
 15870 14058 16034 15774 14022 15936 15684 13989 15844 15599 13958 15758 15520
 13929 15675 15444 13902 15597 15373 13877 15522 15306 13853 15451 15242 13829
 15382 15181 13807 15316 15123 13786 15252 15068 13765 15190 15015 13745 15130
 14964 13725 15073 14915 13705 15016 14868 13686
CR 0.40 0.05 33     52.01      6.76     16.49      5.67
 19769 14893 15552 17637 13742 15160 16027 12763 14849 14783 11938 14599 13802
 11247 14397 13014 10668 14234 12373 10184 14099 11845  9779 13989 11405  9440
 13896 11034  9157 13819 10720  8920 13753 10452  8721 13697 10221  8556 13649
 10021  8418 13607  9847  8302 13570  9695  8207 13536  9562  8127 13506  9444
  8061 13478  9340  8007 13453  9248  7963 13428  9166  7927 13405  9092  7897
 13383  9027  7874 13362  8968  7855 13341  8916  7840 13321  8868  7829 13300
  8826  7820 13280  8787  7814 13260  8753  7809 13239  8722  7806 13219  8694
  7804 13199  8668  7803 13178  8645  7803 13157
MN 0.40 0.05 33     54.93      7.43     15.64      5.45
 16401 13191  9422 14045 12274  8938 12398 11552  8599 11221 10978  8359 10367
 10517  8187  9737 10146  8062  9267  9844  7971  8914  9598  7906  8647  9397
  7859  8443  9232  7825  8287  9096  7801  8167  8984  7785  8075  8891  7774
  8004  8815  7768  7950  8752  7764  7908  8700  7763  7876  8657  7764  7851
  8621  7765  7832  8592  7767  7818  8568  7770  7808  8549  7773  7800  8533
  7776  7795  8520  7779  7791  8510  7782  7788  8502  7784  7786  8495  7787
  7785  8490  7789  7784  8486  7791  7784  8482  7793  7784  8480  7794  7784
  8478  7796  7784  8477  7797  7784  8475  7797
FE 0.40 0.05 33     55.85      7.90     16.18      7.50
 20494 18740 15177 19078 18297 14798 18038 17948 14510 17253 17665 14288 16644
 17430 14114 16163 17230 13975 15774 17057 13864 15456 16905 13773 15190 16770
 13698 14966 16647 13635 14774 16534 13582 14608 16430 13536 14462 16333 13496
 14334 16242 13461 14219 16156 13429 14116 16073 13400 14023 15995 13373 13938
 15920 13349 13860 15847 13325 13788 15776 13302 13721 15708 13281 13659 15642
 13260 13601 15578 13239 13547 15515 13218 13495 15453 13198 13447 15393 13178
 13401 15334 13158 13357 15276 13138 13316 15220 13118 13276 15164 13098 13238
 15109 13077 13202 15056 13057 13167 15003 13037
CO 0.40 0.05 33     58.94      7.86     17.05      4.92
 20124 17136 15025 19031 16808 14778 18235 16529 14580 17634 16283 14415 17164
 16060 14277 16787 15855 14158 16475 15664 14053 16210 15484 13961 15982 15313
 13877 15781 15150 13802 15600 14995 13732 15437 14846 13667 15287 14703 13607
 15148 14566 13549 15018 14433 13495 14895 14306 13444 14780 14183 13394 14669
 14065 13347 14564 13950 13301 14464 13840 13257 14367 13733 13214 14274 13630
 13172 14185 13530 13131 14099 13434 13091 14015 13341 13052 13935 13251 13013
 13856 13163 12976 13781 13079 12939 13707 12997 12902 13636 12917 12867 13567
 12840 12831 13500 12766 12797 13435 12693 12763
NI 0.40 0.05 33     58.69      7.63     18.15      6.25
 17532 13862 13067 16842 13353 12943 16366 12904 12838 16025 12506 12745 15774
 12154 12661 15582 11840 12584 15431 11560 12513 15308 11308 12447 15206 11082
 12384 15117 10877 12324 15038 10692 12266 14967 10524 12211 14901 10371 12158
 14840 10232 12106 14782 10104 12056 14726  9988 12007 14672  9880 11960 14619
  9782 11914 14568  9691 11869 14518  9607 11825 14469  9529 11782 14421  9458
 11740 14373  9391 11699 14327  9329 11659 14281  9272 11619 14235  9218 11581
 14191  9169 11543 14147  9122 11506 14104  9078 11469 14061  9038 11434 14019
  8999 11399 13978  8963 11364 13937  8930 11330
CU 0.40 0.05 33     63.55      7.73     20.29      4.21
  7631  3788  9530  6891  2972  9465  6281  2322  9407  5777  1806  9354  5357
  1396  9304  5006  1071  9255  4710   813  9207  4461   609  9161  4250   448
  9117  4071   322  9073  3918   224  9030  3787   148  8989  3675    91  8948
  3579    47  8909  3497    15  8871  3426    -6  8834  3365   -21  8798  3312
   -31  8763  3267   -35  8729  3228   -37  8696  3195   -35  8665  3166   -32
  8634  3141   -27  8604  3120   -21  8576  3102   -14  8548  3087    -8  8521
  3073    -1  8495  3062     5  8470  3053    11  8446  3044    17  8422  3038
    23  8400  3032    28  8378  3027    32  8357
ZN 0.40 0.05 33     65.37      9.39     17.96      4.60
  1159  3086    12   722  3043     3   449  3020     0   275  3009    -2   165
  3005    -2    95  3005    -2    51  3006    -1    25  3007     0     9  3009
     0     0  3011     0    -3  3013     1    -4  3014     1    -3  3015     1
    -2  3015     1     0  3016     1     1  3016     1     2  3015     1     4
  3015     1     5  3014     1     6  3014     1     6  3013     0     7  3012
     0     7  3012     0     6  3011     0     6  3010     0     5  3009     0
     5  3009     0     4  3008     0     3  3007     0     2  3007     0     1
  3006    -1     0  3006    -1     0  3006    -1
GA 0.40 0.05 33     69.72      6.00     20.51      0.00
  9436   170  3018  8754    84  3013  8299    37  3010  7988    12  3009  7769
     0  3009  7611    -4  3009  7494    -5  3009  7404    -4  3009  7334    -2
  3010  7277     0  3010  7228     2  3010  7186     4  3010  7148     5  3010
  7112     6  3011  7079     7  3011  7047     7  3011  7016     7  3011  6985
     7  3010  6954     6  3010  6924     6  3010  6894     5  3010  6864     4
  3010  6833     3  3010  6803     2  3010  6773     1  3010  6743     0  3010
  6713     0  3010  6683    -1  3010  6653    -2  3009  6623    -3  3009  6593
    -4  3009  6563    -4  3009  6534    -5  3009
GE 0.40 0.05 33     72.59      7.90     15.93      0.02
 10493  7248    57 10199  7163    33  9977  7087    14  9798  7014    -1  9647
  6941   -16  9514  6868   -31  9393  6795   -44  9280  6724   -57  9174  6655
   -68  9072  6588   -79  8974  6525   -88  8879  6464   -96  8786  6407  -102
  8696  6354  -108  8608  6304  -112  8523  6258  -115  8439  6216  -117  8357
  6177  -118  8277  6141  -118  8199  6109  -117  8122  6079  -115  8048  6053
  -112  7975  6029  -109  7904  6007  -105  7835  5988  -100  7768  5971   -95
  7702  5956   -89  7638  5943   -83  7576  5932   -77  7515  5922   -70  7456
  5914   -63  7399  5907   -56  7343  5901   -49
AS 0.40 0.05 33     74.92      9.81     18.63      0.00
  9016  9567  8411  8563  9362  8021  8202  9167  7678  7904  8981  7376  7654
  8803  7106  7441  8634  6865  7256  8474  6648  7096  8323  6451  6957  8182
  6272  6835  8050  6108  6728  7928  5957  6635  7815  5818  6553  7711  5688
  6482  7615  5568  6420  7528  5456  6366  7448  5350  6319  7374  5251  6279
  7308  5158  6244  7247  5070  6215  7192  4986  6190  7143  4907  6170  7098
  4832  6152  7058  4760  6138  7021  4692  6127  6989  4627  6118  6960  4564
  6111  6933  4504  6106  6910  4447  6102  6889  4392  6099  6871  4339  6098
  6854  4288  6097  6839  4238  6097  6826  4191
SE 0.40 0.05 33     78.96      9.75     21.19      0.00
 10029  8149  8877  9833  7816  8601  9677  7537  8389  9544  7303  8244  9427
  7104  8157  9321  6935  8115  9224  6788  8104  9133  6660  8113  9048  6547
  8134  8967  6445  8160  8891  6354  8185  8820  6271  8206  8752  6194  8219
  8688  6123  8224  8627  6056  8219  8569  5994  8203  8514  5934  8176  8463
  5877  8139  8414  5823  8091  8367  5770  8034  8323  5720  7967  8282  5671
  7891  8242  5624  7808  8205  5578  7718  8170  5533  7621  8136  5490  7518
  8104  5447  7411  8074  5406  7300  8045  5366  7185  8018  5327  7068  7992
  5289  6949  7967  5252  6828  7944  5216  6707
BR 0.40 0.05 33     79.90     11.81     21.80      0.00
  7477  9577  7722  7244  9404  7415  7132  9246  7152  7073  9103  6925  7033
  8972  6727  6999  8854  6551  6963  8747  6395  6924  8650  6254  6882  8563
  6128  6837  8483  6013  6791  8411  5908  6746  8346  5813  6701  8287  5724
  6659  8233  5643  6620  8185  5568  6584  8140  5498  6552  8100  5433  6524
  8063  5372  6500  8030  5315  6481  7999  5262  6466  7971  5212  6454  7946
  5165  6447  7922  5120  6444  7901  5078  6444  7881  5039  6447  7863  5001
  6453  7847  4965  6461  7831  4931  6472  7817  4899  6485  7804  4868  6500
  7792  4839  6517  7781  4811  6534  7770  4784
KR 0.40 0.05 33     83.80     14.00     24.36      0.00
    61  7064  9179    27  6994  8999     9  6928  8840     0  6866  8697    -4
  6807  8569    -5  6753  8452    -5  6702  8346    -3  6654  8249    -2  6610
  8160    -1  6569  8079     0  6530  8004     1  6494  7934     1  6461  7870
     2  6430  7811     2  6401  7756     3  6374  7705     3  6348  7658     3
  6325  7613     3  6303  7572     2  6283  7534     2  6264  7498     2  6246
  7465     1  6230  7434     1  6214  7405     0  6200  7378     0  6187  7352
     0  6175  7329     0  6163  7306     0  6152  7286    -1  6142  7266    -1
  6133  7248    -1  6125  7231    -1  6117  7215
RB 0.40 0.05 33     85.47      4.18     27.28      0.00
 19632     0  6828 15709     0  6767 12791     0  6717 10588     0  6675  8903
     0  6640  7603     0  6611  6593     0  6585  5803     0  6563  5184     0
  6543  4697     0  6526  4314     0  6511  4012     0  6497  3775     0  6484
  3589     0  6473  3444    -1  6462  3331    -1  6453  3245    -1  6444  3180
    -1  6436  3130    -1  6429  3094    -1  6422  3069    -1  6415  3051    -1
  6410  3040    -1  6404  3033    -1  6399  3030    -1  6394  3030    -1  6389
  3031    -1  6385  3034    -1  6381  3038    -1  6377  3042    -1  6373  3046
    -1  6370  3049    -1  6366  3053    -1  6363
SR 0.40 0.05 33     87.63      5.69     11.03      2.90
 14406  6581     0 11142  5926     0  8719  5398     0  6887  4970     0  5480
  4622     0  4384  4336     0  3523  4102     0  2840  3910     0  2294  3750
     0  1856  3619     0  1502  3510     0  1216  3419     0   983  3344     0
   793  3282     0   638  3230     0   512  3187     0   409  3152     0   325
  3123     0   257  3099     0   201  3080     0   157  3064     0   120  3052
     0    92  3041     0    69  3033     0    50  3027     0    36  3022     0
    26  3019     0    17  3016     0    11  3014     0     7  3013     0     4
  3013     0     3  3013     0     2  3013     0
 Y 0.40 0.05 33     88.91      6.22     12.23      2.24
 17039 15214 10183 16112 14761 10112 15249 14365 10048 14473 14014  9990 13788
 13702  9936 13190 13422  9886 12670 13168  9839 12220 12936  9794 11830 12723
  9751 11492 12525  9711 11200 12342  9672 10948 12170  9634 10729 12009  9598
 10539 11856  9563 10374 11711  9529 10231 11574  9495 10106 11442  9463  9997
 11316  9432  9901 11195  9401  9818 11078  9371  9745 10966  9342  9680 10856
  9313  9623 10750  9285  9572 10648  9257  9527 10547  9230  9487 10449  9203
  9451 10354  9176  9418 10261  9150  9388 10169  9125  9361 10079  9100  9335
  9991  9075  9312  9905  9050  9290  9820  9026
ZR 0.40 0.05 33     91.22      6.84     13.13      2.56
 21698 20021 14767 20510 19557 14497 19562 19158 14253 18786 18805 14034 18135
 18487 13837 17579 18196 13659 17098 17927 13497 16676 17676 13349 16301 17441
 13212 15965 17219 13087 15661 17008 12970 15385 16808 12861 15132 16617 12758
 14900 16434 12662 14685 16259 12571 14485 16091 12485 14298 15930 12403 14124
 15775 12325 13960 15625 12250 13806 15481 12178 13660 15342 12109 13522 15207
 12042 13392 15077 11977 13268 14952 11915 13150 14830 11854 13037 14712 11795
 12930 14597 11738 12827 14486 11682 12728 14379 11627 12634 14274 11574 12543
 14173 11522 12456 14074 11471 12372 13978 11421
NB 0.40 0.05 33     92.91      6.88     14.32      1.42
 23298 20821 14161 22217 20228 14020 21342 19701 13903 20619 19228 13802 20012
 18799 13711 19494 18408 13629 19048 18049 13552 18658 17718 13479 18316 17411
 13409 18011 17126 13342 17739 16860 13276 17493 16612 13212 17270 16378 13149
 17067 16159 13087 16881 15952 13026 16709 15756 12965 16550 15571 12905 16401
 15395 12846 16263 15228 12787 16133 15070 12729 16011 14918 12671 15896 14773
 12613 15786 14635 12556 15682 14503 12499 15583 14376 12443 15489 14254 12387
 15398 14136 12331 15311 14023 12276 15227 13915 12221 15147 13810 12167 15069
 13708 12113 14993 13610 12059 14920 13515 12006
MO 0.40 0.05 33     95.94      7.10     16.15      1.92
 17830 16360 16694 16732 15249 16144 15604 14285 15665 14549 13464 15236 13606
 12764 14846 12785 12167 14487 12080 11653 14152 11481 11205 13839 10975 10809
 13544 10551 10455 13264 10197 10133 12999  9901  9837 12746  9656  9560 12505
  9453  9298 12273  9286  9047 12052  9148  8805 11839  9035  8569 11634  8943
  8338 11437  8868  8111 11246  8807  7885 11063  8757  7662 10885  8717  7440
 10713  8685  7218 10546  8659  6997 10385  8637  6777 10228  8620  6557 10075
  8605  6338  9927  8593  6119  9783  8583  5901  9642  8574  5684  9505  8565
  5467  9372  8557  5252  9242  8550  5039  9114
RU 0.40 0.05 33    101.07      7.37     16.76      1.84
 20199 17901 13541 19471 17273 13457 18847 16734 13385 18302 16269 13326 17822
 15864 13276 17395 15508 13234 17013 15192 13198 16668 14908 13168 16355 14652
 13142 16071 14419 13119 15810 14204 13099 15572 14006 13082 15352 13821 13067
 15150 13648 13053 14962 13485 13040 14789 13331 13028 14627 13184 13018 14476
 13045 13008 14336 12911 12998 14204 12782 12989 14081 12658 12981 13965 12539
 12972 13856 12423 12965 13753 12311 12957 13656 12203 12949 13564 12097 12942
 13477 11995 12935 13394 11895 12928 13315 11798 12921 13240 11703 12915 13168
 11610 12908 13100 11520 12902 13034 11432 12895
RH 0.40 0.05 33    102.90      7.46     18.08       1.12
 17938 15026 15321 17349 14499 14933 16861 14062 14595 16447 13697 14297 16089
 13387 14032 15774 13120 13793 15493 12888 13577 15240 12683 13381 15011 12501
 13201 14801 12336 13035 14607 12187 12882 14427 12050 12741 14260 11923 12610
 14103 11804 12487 13956 11693 12373 13818 11587 12267 13687 11488 12167 13563
 11392 12073 13445 11301 11985 13333 11214 11902 13227 11130 11823 13125 11048
 11749 13027 10970 11679 12934 10894 11613 12845 10820 11550 12759 10749 11490
 12676 10679 11433 12597 10612 11379 12521 10546 11327 12448 10483 11278 12377
 10421 11231 12309 10361 11186 12243 10303 11143
PD 0.40 0.05 33    106.40      8.34     19.43      1.69
 10498 10350 13286  9696  9982 13018  9026  9710 12792  8438  9505 12597  7908
  9346 12428  7419  9220 12280  6964  9118 12148  6537  9034 12030  6136  8962
 11924  5757  8899 11828  5400  8843 11742  5063  8792 11662  4744  8744 11590
  4444  8700 11523  4160  8658 11462  3892  8617 11405  3639  8577 11352  3401
  8539 11303  3177  8501 11257  2965  8464 11215  2766  8427 11175  2578  8391
 11137  2401  8355 11102  2234  8320 11069  2077  8286 11038  1929  8252 11008
  1789  8219 10980  1658  8186 10954  1534  8154 10929  1417  8123 10905  1307
  8092 10883  1203  8063 10861  1105  8034 10841
AG 0.40 0.05 33    107.87      7.58     21.49      0.00
 23594 16440 12107 22344 15331 11293 21230 14388 10639 20230 13582 10107 19326
 12887  9670 18505 12284  9303 17756 11760  8990 17071 11299  8718 16443 10894
  8477 15866 10535  8259 15334 10216  8058 14844  9931  7871 14390  9674  7693
 13970  9443  7522 13581  9234  7357 13220  9044  7196 12884  8870  7038 12571
  8710  6882 12279  8563  6728 12007  8427  6576 11753  8300  6425 11515  8182
  6275 11292  8071  6126 11084  7967  5978 10888  7868  5831 10703  7774  5686
 10530  7684  5542 10367  7599  5400 10213  7516  5259 10068  7436  5120  9930
  7359  4983  9800  7283  4849  9677  7210  4716
CD 0.40 0.05 33    112.40      8.99     16.91      0.00
  2894  3137    50  1670  3064    28   947  3035    11   520  3024     0   271
  3021    -9   131  3020   -15    55  3018   -19    18  3016   -21     4  3014
   -22     2  3012   -23     6  3009   -22    12  3008   -21    19  3007   -20
    24  3008   -18    27  3010   -17    28  3013   -15    28  3019   -13    26
  3026   -11    22  3034    -9    17  3044    -7    12  3056    -6     7  3069
    -4     1  3084    -3    -3  3099    -1    -7  3116     0   -11  3133     0
   -13  3151     1   -15  3170     2   -14  3190     3   -13  3209     4    -9
  3229     4    -4  3250     5     2  3270     5
IN 0.40 0.05 33    114.82      5.79     18.87      0.00
 11535   283  3036  9777   158  3026  8653    91  3021  7915    56  3018  7419
    37  3016  7076    26  3013  6832    20  3009  6651    16  3006  6513    13
  3002  6401    10  2998  6307     7  2994  6224     4  2991  6149     1  2987
  6078    -1  2984  6010    -3  2981  5943    -5  2978  5878    -6  2976  5813
    -7  2974  5749    -8  2972  5685    -8  2971  5622    -7  2970  5559    -5
  2969  5497    -3  2969  5435    -1  2969  5375     1  2970  5315     5  2970
  5256     9  2971  5199    14  2972  5142    19  2974  5087    25  2975  5033
    30  2977  4980    37  2979  4928    43  2981
SN 0.40 0.05 33    118.69      7.34     14.63      0.00
  9857  6556    79  9461  6378    50  9140  6222    35  8865  6076    20  8622
  5937     0  8399  5802   -25  8192  5672   -56  7996  5547   -89  7808  5426
  -124  7628  5310  -159  7454  5200  -194  7286  5094  -226  7122  4995  -256
  6963  4900  -283  6807  4811  -306  6656  4727  -326  6508  4649  -343  6365
  4575  -356  6224  4506  -365  6087  4441  -371  5953  4381  -373  5823  4324
  -372  5695  4272  -368  5571  4223  -362  5449  4178  -353  5330  4135  -341
  5214  4096  -328  5101  4060  -312  4991  4026  -295  4883  3995  -276  4778
  3966  -255  4675  3939  -234  4574  3914  -211
SB 0.40 0.05 33    121.75      8.64     16.53      0.00
  9363  8429  5897  8933  8092  5697  8578  7774  5521  8278  7470  5368  8018
  7178  5234  7792  6898  5115  7592  6629  5010  7416  6371  4916  7259  6125
  4833  7120  5890  4758  6996  5666  4690  6886  5453  4630  6788  5250  4575
  6701  5057  4525  6623  4874  4479  6555  4700  4438  6494  4535  4400  6440
  4378  4365  6393  4228  4333  6351  4086  4304  6315  3951  4276  6283  3823
  4251  6255  3700  4228  6230  3584  4206  6209  3473  4185  6190  3367  4166
  6174  3266  4148  6160  3169  4132  6147  3076  4116  6136  2988  4101  6127
  2903  4087  6118  2821  4074  6110  2743  4061
TE 0.40 0.05 33    127.60      9.01     18.60      0.00
  9588  8542  7324  9343  8201  6886  9141  7909  6481  8968  7659  6114  8814
  7444  5782  8676  7258  5482  8550  7097  5211  8435  6954  4964  8329  6828
  4738  8232  6716  4530  8142  6614  4338  8059  6522  4160  7982  6438  3993
  7911  6360  3836  7846  6288  3688  7786  6221  3547  7730  6158  3414  7679
  6099  3286  7632  6042  3164  7588  5989  3047  7548  5938  2935  7510  5889
  2826  7476  5842  2721  7444  5797  2619  7415  5753  2520  7387  5711  2425
  7362  5670  2332  7339  5631  2241  7317  5593  2153  7296  5556  2068  7277
  5520  1985  7259  5485  1903  7242  5451  1824
 I 0.40 0.05 33    126.90     10.45     19.13      0.00
  7202  8942  8029  6882  8729  7719  6714  8543  7453  6619  8379  7224  6560
  8234  7025  6516  8105  6849  6479  7990  6694  6445  7888  6556  6410  7796
  6432  6376  7713  6319  6342  7637  6217  6309  7569  6124  6277  7507  6038
  6247  7450  5958  6220  7398  5885  6195  7350  5816  6173  7307  5752  6154
  7266  5692  6139  7229  5635  6126  7194  5582  6117  7162  5531  6111  7132
  5484  6108  7104  5438  6107  7078  5395  6109  7054  5353  6113  7031  5314
  6120  7009  5276  6128  6989  5240  6137  6970  5205  6149  6952  5172  6161
  6935  5140  6174  6919  5109  6188  6903  5079
XE 0.40 0.05 33    131.30     12.13     21.21      0.00
   791  6628  8482   213  6543  8275     6  6473  8103   -38  6414  7957   -20
  6363  7835    12  6319  7731    41  6280  7641    57  6245  7564    61  6215
  7497    53  6188  7437    37  6164  7384    17  6142  7336    -3  6123  7293
   -23  6107  7253   -39  6092  7216   -50  6079  7182   -55  6068  7150   -51
  6058  7119   -40  6050  7091   -21  6043  7063     6  6037  7036    42  6031
  7011    86  6027  6986   137  6024  6962   195  6021  6939   260  6019  6917
   330  6018  6895   406  6017  6873   486  6017  6852   569  6017  6832   656
  6017  6812   745  6018  6792   835  6019  6773
CS 0.40 0.05 33    132.90      3.89     25.10      0.00
 14591     3  6430 13075     0  6361 11624     0  6304 10310     0  6258  9155
     0  6219  8155     0  6185  7299     0  6157  6570     0  6132  5954     0
  6110  5434     0  6091  4997     0  6073  4631     0  6058  4325     0  6044
  4071     0  6031  3860     0  6020  3686     0  6009  3543     0  5999  3427
     0  5990  3332     0  5982  3256     0  5974  3196     0  5967  3148    -1
  5960  3112    -1  5954  3084    -1  5948  3064    -2  5942  3049    -2  5937
  3040    -2  5932  3034    -2  5927  3031    -3  5922  3031    -3  5918  3032
    -3  5914  3035    -3  5910  3038    -3  5906
BA 0.40 0.05 33    137.35      5.21     10.00      2.13
 18416  9319     0 16131  8857     0 14154  8492     0 12444  8184     0 10963
  7912     0  9677  7661     0  8556  7427     0  7577  7205     0  6719  6993
     0  5964  6790     0  5300  6595     0  4714  6408     0  4194  6228     0
  3734  6056     0  3325  5891     0  2962  5733     0  2638  5582     0  2349
  5437     0  2091  5299     0  1861  5168     0  1655  5043     0  1471  4923
     0  1306  4810     0  1158  4702     0  1026  4600     0   908  4503     0
   802  4411     0   707  4324     0   622  4242     0   546  4164     0   479
  4090     0   418  4020     0   365  3955     0
LA 0.40 0.05 33    138.92      5.58     11.06      1.22
 20788 18238 11767 19957 17709 11524 19180 17254 11295 18467 16860 11079 17818
 16514 10875 17229 16207 10684 16694 15931 10505 16207 15683 10338 15764 15456
 10183 15359 15248 10039 14987 15055  9906 14645 14876  9782 14330 14708  9668
 14038 14550  9563 13766 14401  9466 13513 14260  9377 13276 14125  9295 13054
 13996  9219 12844 13873  9149 12647 13755  9086 12460 13642  9027 12283 13532
  8973 12114 13427  8923 11954 13325  8877 11800 13227  8836 11653 13132  8797
 11512 13040  8761 11376 12950  8729 11245 12864  8698 11119 12780  8671 10997
 12699  8645 10879 12620  8621 10765 12543  8598
CE 0.40 0.05 33    140.13      5.54     10.85      1.55
 27923 27638 16733 27250 27099 16481 26690 26597 16246 26192 26124 16023 25730
 25674 15812 25290 25246 15612 24866 24838 15424 24455 24448 15247 24056 24077
 15083 23668 23722 14930 23292 23381 14788 22927 23054 14657 22575 22739 14536
 22234 22436 14425 21904 22142 14323 21587 21856 14229 21281 21578 14144 20986
 21307 14066 20702 21041 13995 20430 20779 13930 20167 20522 13872 19915 20267
 13818 19673 20015 13770 19440 19764 13727 19216 19515 13687 19001 19266 13651
 18794 19017 13619 18595 18768 13590 18404 18517 13564 18219 18266 13540 18041
 18012 13518 17870 17757 13499 17705 17499 13481
PR 0.40 0.05 33    140.91      5.42     10.55      0.71
 30097 23263 21581 29459 22769 20707 28899 22324 19952 28384 21917 19303 27901
 21542 18730 27439 21195 18202 26997 20870 17694 26572 20566 17187 26162 20279
 16667 25767 20007 16126 25388 19749 15556 25022 19503 14958 24671 19268 14328
 24334 19043 13668 24010 18827 12980 23699 18619 12267 23401 18419 11530 23114
 18225 10774 22839 18039 10002 22575 17858  9217 22322 17682  8422 22078 17512
  7621 21844 17347  6817 21620 17186  6012 21404 17029  5211 21196 16877  4415
 20996 16728  3628 20803 16583  2851 20617 16442  2086 20438 16303  1337 20265
 16168   605 20098 16036  -108 19936 15907  -801
ND 0.40 0.05 33    144.25      5.53     10.73      1.34
 28156 26220 20520 27264 25449 19994 26327 24737 19515 25393 24079 19076 24488
 23473 18670 23627 22913 18291 22815 22396 17938 22054 21918 17605 21346 21476
 17292 20687 21066 16995 20076 20685 16713 19509 20331 16445 18985 19999 16189
 18499 19689 15943 18050 19397 15708 17633 19122 15481 17248 18861 15263 16891
 18614 15052 16559 18377 14848 16252 18151 14650 15966 17934 14458 15701 17723
 14271 15454 17520 14089 15224 17322 13911 15009 17128 13738 14809 16939 13569
 14622 16752 13403 14447 16568 13240 14282 16386 13081 14128 16205 12924 13983
 16024 12770 13846 15844 12619 13716 15664 12470
SM 0.40 0.05 33    150.40      5.63     11.07      1.01 
 24196 24068 17142 23379 23206 16617 22417 22432 16190 21440 21740 15837 20509
 21120 15538 19650 20562 15282 18871 20058 15059 18171 19601 14862 17544 19185
 14685 16985 18803 14524 16486 18453 14377 16040 18128 14241 15640 17827 14114
 15281 17545 13995 14957 17282 13883 14664 17033 13776 14397 16799 13674 14153
 16576 13576 13929 16363 13482 13722 16160 13392 13531 15964 13305 13352 15776
 13221 13185 15594 13139 13027 15418 13060 12878 15246 12984 12736 15079 12910
 12600 14915 12838 12471 14755 12768 12346 14597 12700 12225 14442 12634 12109
 14290 12570 11996 14139 12508 11886 13989 12448
EU 0.40 0.05 33    151.96      5.67     11.25      0.54
 19151 16572  9331 18007 15745  9190 16828 15068  9116 15719 14507  9078 14721
 14039  9059 13845 13645  9049 13087 13310  9044 12437 13022  9041 11883 12774
  9038 11414 12558  9035 11018 12369  9031 10684 12202  9027 10403 12054  9022
 10168 11922  9017  9972 11803  9012  9808 11695  9007  9673 11598  9002  9560
 11509  8997  9467 11427  8993  9390 11351  8989  9327 11281  8985  9276 11216
  8982  9234 11155  8980  9200 11097  8978  9172 11043  8977  9150 10991  8976
  9132 10942  8976  9118 10896  8976  9106 10851  8977  9097 10808  8979  9089
 10767  8981  9083 10727  8983  9077 10688  8986
GD 0.40 0.05 33    157.25      6.14     12.10      1.12
 23464 24178 17091 22619 23512 16896 21844 22920 16715 21147 22392 16544 20526
 21917 16385 19973 21487 16236 19481 21095 16098 19042 20736 15970 18651 20405
 15852 18300 20098 15744 17984 19813 15644 17699 19546 15553 17441 19296 15470
 17206 19060 15394 16992 18837 15324 16795 18625 15261 16614 18424 15204 16448
 18232 15153 16293 18048 15106 16149 17871 15064 16015 17701 15025 15890 17538
 14991 15772 17380 14960 15661 17227 14933 15556 17078 14908 15457 16934 14885
 15362 16794 14865 15272 16657 14848 15187 16524 14832 15105 16394 14817 15026
 16267 14805 14951 16142 14793 14878 16020 14783
TB 0.40 0.05 33    158.93      5.85     11.52      0.28
 27397 22134 19466 26372 21457 19015 25475 20909 18637 24695 20453 18314 24017
 20064 18035 23426 19726 17790 22909 19430 17573 22454 19165 17377 22052 18927
 17201 21695 18712 17040 21375 18515 16892 21087 18334 16755 20826 18167 16627
 20589 18013 16508 20372 17869 16396 20173 17735 16291 19988 17609 16191 19817
 17491 16097 19658 17381 16007 19508 17276 15921 19368 17177 15839 19235 17084
 15761 19110 16995 15686 18991 16911 15614 18877 16831 15545 18769 16755 15479
 18666 16682 15415 18567 16613 15354 18472 16546 15294 18380 16483 15237 18292
 16422 15182 18207 16363 15129 18125 16307 15078
DY 0.40 0.05 33    162.50      5.93     11.67      1.14
 25178 21120 18085 24609 20374 17576 24018 19738 17165 23438 19197 16825 22883
 18734 16540 22363 18335 16295 21877 17991 16081 21428 17690 15892 21012 17426
 15723 20628 17193 15569 20275 16985 15428 19949 16798 15298 19648 16629 15177
 19370 16475 15063 19113 16334 14956 18875 16204 14854 18655 16083 14758 18450
 15971 14665 18260 15865 14577 18084 15765 14492 17919 15670 14410 17765 15581
 14332 17621 15495 14256 17486 15413 14182 17360 15333 14112 17241 15257 14043
 17129 15184 13977 17024 15113 13913 16924 15044 13851 16830 14977 13791 16741
 14912 13733 16656 14849 13676 16575 14787 13622
HO 0.40 0.05 33    164.93      6.02     11.80      0.00
 23638 20385 17299 23056 19721 16613 22573 19104 16037 22141 18535 15554 21739
 18015 15147 21354 17541 14801 20983 17109 14502 20623 16717 14240 20273 16361
 14006 19935 16037 13795 19608 15742 13602 19292 15474 13421 18989 15229 13251
 18697 15006 13090 18418 14802 12934 18151 14615 12783 17895 14444 12636 17651
 14287 12491 17419 14143 12349 17197 14009 12209 16986 13886 12071 16786 13771
 11934 16595 13665 11799 16414 13566 11665 16241 13473 11532 16078 13386 11401
 15922 13304 11271 15774 13226 11143 15633 13152 11016 15500 13082 10891 15372
 13015 10768 15251 12950 10646 15136 12887 10527
ER 0.40 0.05 33    167.26      6.10     11.93      0.93
 22788 21394 17001 21697 20228 16348 20738 19246 15870 19879 18431 15509 19102
 17760 15229 18397 17208 15007 17753 16753 14825 17165 16378 14672 16628 16066
 14540 16137 15806 14424 15688 15588 14318 15278 15403 14221 14904 15244 14130
 14563 15107 14043 14251 14986 13960 13967 14879 13879 13709 14782 13800 13474
 14694 13722 13260 14612 13646 13067 14534 13571 12891 14461 13497 12732 14390
 13425 12588 14321 13353 12458 14254 13282 12340 14188 13212 12235 14122 13144
 12140 14057 13077 12054 13993 13011 11977 13928 12946 11909 13864 12883 11847
 13800 12822 11792 13736 12762 11742 13673 12703
TM 0.40 0.05 33    168.93      6.18     12.05      0.00
 19299 18767 13931 18237 17666 12909 17066 16707 12117 15933 15891 11499 14897
 15206 11010 13980 14634 10612 13184 14160 10277 12500 13768  9985 11918 13444
  9718 11426 13177  9467 11012 12957  9223 10665 12776  8980 10375 12628  8734
 10135 12506  8483  9935 12406  8226  9770 12324  7960  9635 12257  7687  9524
 12201  7407  9433 12155  7119  9360 12117  6824  9301 12085  6524  9254 12058
  6218  9216 12034  5909  9186 12014  5596  9162 11995  5281  9144 11977  4965
  9130 11960  4648  9118 11943  4332  9109 11927  4018  9102 11910  3706  9097
 11892  3396  9092 11874  3091  9088 11855  2790
YB 0.50 0.05 33    170.04      6.25     12.17      1.08
  3465  6827 99999  2771  5838 99999  2198  5080 99999  1730  4508 99999  1353
  4083 99999  1050  3771 99999   810  3546 99999   620  3388 99999   471  3279
 99999   355  3206 99999   266  3159 99999   198  3130 99999   146  3112 99999
   108  3101 99999    80  3093 99999    61  3085 99999    47  3076 99999    38
  3063 99999    32  3046 99999    28  3024 99999    26  2996 99999    25  2963
 99999    24  2925 99999    24  2881 99999    23  2832 99999    23  2779 99999
    21  2721 99999    20  2659 99999    18  2594 99999    15  2525 99999    12
  2455 99999     9  2382 99999     6  2308 99999
LU 0.40 0.05 33    174.97      5.43     13.90      0.84
 13886  9179  8510 13029  8230  7913 12337  7413  7456 11772  6695  7084 11308
  6057  6765 10923  5483  6481 10600  4964  6224 10326  4492  5986 10091  4060
  5763  9888  3663  5555  9711  3299  5358  9554  2963  5172  9414  2652  4997
  9288  2365  4831  9173  2099  4673  9067  1852  4525  8969  1623  4384  8878
  1411  4252  8792  1214  4126  8711  1031  4008  8634   861  3896  8560   704
  3791  8489   557  3691  8421   422  3597  8355   296  3509  8291   179  3425
  8229    71  3346  8169   -27  3272  8110  -119  3202  8053  -204  3136  7998
  -282  3073  7944  -354  3014  7891  -420  2958
HF 0.40 0.05 33    178.49      7.00     14.90      0.88
 18039 16115 14908 17025 15390 14562 16152 14762 14235 15400 14210 13929 14749
 13720 13642 14181 13281 13374 13684 12883 13125 13246 12519 12893 12857 12184
 12678 12510 11874 12478 12198 11584 12293 11916 11312 12121 11660 11055 11962
 11426 10812 11814 11211 10580 11677 11014 10358 11550 10831 10145 11432 10660
  9939 11322 10502  9741 11220 10353  9549 11125 10213  9362 11037 10082  9181
 10955  9957  9003 10878  9839  8830 10806  9727  8661 10739  9621  8494 10676
  9519  8331 10617  9422  8170 10562  9329  8012 10510  9240  7856 10461  9155
  7702 10414  9073  7550 10370  8994  7400 10329
TA 0.40 0.05 33    180.95      7.89     16.00      0.00
 19962 19001 13328 18877 18291 12693 17915 17656 12145 17062 17089 11660 16303
 16578 11225 15626 16115 10827 15018 15691 10458 14472 15299 10109 13979 14934
  9778 13532 14589  9460 13125 14263  9153 12754 13950  8854 12414 13650  8563
 12101 13359  8278 11813 13076  7998 11546 12800  7723 11299 12530  7453 11068
 12265  7187 10854 12004  6925 10653 11746  6668 10464 11491  6414 10286 11239
  6165 10119 10989  5919  9960 10742  5678  9810 10496  5441  9668 10252  5208
  9531 10010  4980  9402  9770  4756  9277  9531  4537  9158  9293  4322  9043
  9057  4111  8932  8822  3906  8826  8589  3705
 W 0.40 0.05 33    183.00      7.98     17.70      1.11
 18577 18052 16416 17423 17165 15732 16432 16382 15132 15574 15692 14594 14828
 15081 14100 14173 14531 13637 13593 14029 13194 13075 13564 12766 12610 13127
 12346 12189 12710 11933 11804 12309 11524 11450 11918 11117 11123 11536 10712
 10819 11160 10309 10533 10788  9908 10265 10420  9508 10011 10055  9111  9769
  9691  8716  9539  9330  8324  9318  8971  7936  9105  8614  7552  8901  8260
  7172  8702  7908  6797  8510  7558  6428  8323  7212  6064  8141  6870  5707
  7963  6531  5356  7789  6197  5012  7618  5867  4676  7451  5542  4347  7287
  5222  4026  7125  4907  3714  6966  4599  3409
RE 0.40 0.05 33    186.20      7.88     17.00      0.00
 16545 14363 15214 15286 13340 14408 14173 12473 13703 13207 11756 13059 12375
 11167 12455 11663 10686 11879 11056 10292 11322 10539  9970 10781 10100  9703
 10252  9727  9482  9734  9412  9295  9227  9145  9136  8731  8919  8998  8244
  8729  8876  7768  8570  8767  7302  8436  8667  6847  8325  8573  6404  8232
  8484  5972  8156  8399  5551  8093  8315  5142  8041  8233  4745  8000  8150
  4360  7966  8068  3987  7939  7985  3627  7918  7902  3278  7901  7817  2942
  7888  7732  2618  7877  7646  2306  7869  7558  2007  7862  7470  1719  7857
  7382  1444  7852  7292  1181  7847  7203   929
OS 0.40 0.05 33    190.20      8.70     17.00      1.45
 17568 16253 10633 16711 15736 10059 15978 15276  9650 15344 14868  9336 14793
 14504  9078 14310 14177  8854 13883 13881  8652 13505 13613  8465 13169 13368
  8288 12867 13142  8119 12596 12933  7957 12352 12738  7800 12130 12557  7648
 11929 12386  7502 11746 12225  7360 11578 12073  7224 11424 11928  7092 11283
 11791  6966 11152 11659  6844 11032 11533  6728 10920 11412  6616 10816 11296
  6509 10719 11184  6407 10629 11076  6310 10544 10972  6217 10465 10871  6128
 10390 10773  6044 10319 10678  5964 10252 10586  5889 10189 10497  5817 10129
 10410  5749 10072 10325  5685 10017 10243  5624
IR 0.40 0.05 33    192.20      9.10     17.00      1.35
 17868 13340 14116 17105 12788 13658 16478 12341 13263 15950 11976 12914 15496
 11671 12599 15099 11413 12313 14749 11191 12051 14435 10997 11808 14153 10825
 11583 13898 10670 11373 13664 10528 11177 13451 10398 10994 13254 10276 10821
 13073 10162 10659 12905 10053 10506 12749  9950 10361 12604  9850 10225 12469
  9755 10096 12342  9662  9974 12223  9572  9858 12112  9484  9748 12007  9399
  9643 11908  9316  9544 11815  9235  9449 11727  9156  9359 11643  9078  9273
 11564  9002  9191 11488  8929  9113 11417  8856  9038 11348  8786  8966 11283
  8717  8897 11221  8650  8832 11161  8585  8769
PT 0.40 0.05 33    195.09      9.00     18.56      0.00
 15116 13877 11774 14686 13265 11403 14361 12744 11102 14106 12297 10841 13898
 11908 10606 13725 11566 10391 13577 11261 10190 13448 10987 10003 13334 10738
  9827 13231 10510  9663 13138 10298  9509 13052 10100  9365 12973  9914  9231
 12899  9738  9106 12830  9570  8990 12765  9410  8882 12704  9257  8783 12645
  9109  8691 12590  8966  8607 12538  8827  8529 12488  8693  8458 12441  8563
  8393 12395  8436  8333 12352  8313  8279 12310  8192  8230 12271  8075  8186
 12233  7960  8146 12196  7849  8110 12161  7739  8077 12128  7633  8048 12096
  7529  8022 12065  7427  7999 12036  7328  7979
AU 0.40 0.05 33    196.97      9.23     20.50      0.00
  6978  5318  8911  6402  4531  8672  5954  3864  8488  5591  3295  8329  5288
  2806  8180  5029  2381  8037  4805  2009  7898  4609  1682  7763  4436  1392
  7633  4282  1133  7510  4145   901  7393  4022   691  7283  3913   502  7181
  3815   330  7088  3727   173  7003  3649    30  6925  3579  -100  6856  3517
  -220  6795  3462  -330  6742  3412  -432  6695  3368  -525  6656  3330  -611
  6623  3295  -690  6596  3265  -763  6575  3238  -830  6559  3215  -891  6548
  3194  -947  6542  3176  -998  6540  3160 -1044  6542  3146 -1086  6547  3134
 -1123  6556  3123 -1157  6567  3113 -1187  6580
HG 0.40 0.05 33    200.59     10.44     18.76      0.00
   956  3304   676   428  3189   466   177  3123   295    67  3084   153    25
  3062    32    15  3048   -69    18  3039  -156    24  3033  -230    28  3029
  -292    30  3025  -343    28  3022  -384    23  3019  -418    16  3016  -443
     8  3013  -462     0  3010  -474    -8  3007  -481   -15  3004  -482   -20
  3001  -479   -23  2999  -473   -25  2997  -462   -24  2995  -449   -20  2993
  -433   -14  2992  -414    -5  2990  -394     4  2990  -371    17  2989  -348
    33  2989  -322    50  2989  -296    68  2989  -269    89  2989  -242   110
  2990  -214   133  2991  -186   156  2992  -157
TL 0.40 0.05 33    204.37      6.11     20.43      0.00
  8210    82  3065  6974    40  3044  6156    20  3034  5592    11  3025  5187
     7  3014  4884     6  3000  4649     4  2983  4461     3  2965  4306     1
  2946  4174     0  2926  4060    -2  2907  3959    -4  2889  3870    -7  2872
  3789    -9  2856  3716   -11  2843  3649   -13  2831  3589   -14  2821  3533
   -15  2814  3483   -16  2808  3437   -16  2804  3394   -16  2802  3356   -15
  2802  3322   -14  2804  3290   -12  2807  3262   -10  2811  3237    -7  2817
  3214    -5  2824  3194    -1  2833  3176     1  2842  3161     5  2852  3147
     9  2863  3135    13  2875  3124    17  2888
PB 0.40 0.05 33    207.19      7.42     15.03      0.00
  9425  4504    37  7686  4247    27  6440  4043    21  5509  3880    13  4786
  3746     2  4206  3636   -10  3729  3545   -25  3328  3468   -41  2984  3403
   -57  2685  3347   -74  2422  3299   -89  2189  3258  -104  1981  3223  -118
  1794  3192  -129  1626  3165  -140  1475  3141  -149  1337  3121  -156  1213
  3102  -161  1101  3086  -165   999  3072  -167   907  3059  -167   824  3048
  -166   749  3038  -164   682  3029  -161   621  3021  -156   567  3014  -151
   518  3008  -144   475  3002  -137   436  2997  -129   402  2992  -120   372
  2988  -111   345  2985  -101   321  2981   -90
BI 0.40 0.05 33    208.98      7.29     16.69      0.00
  8404  3974  3761  7927  3371  3593  7566  2858  3466  7286  2425  3365  7065
  2059  3283  6888  1749  3216  6745  1487  3159  6627  1262  3112  6530  1070
  3071  6449   905  3036  6381   762  3006  6325   637  2981  6277   528  2959
  6237   432  2940  6203   347  2925  6174   272  2911  6150   205  2900  6129
   144  2891  6112    90  2884  6098    40  2878  6086    -4  2874  6076   -45
  2871  6067   -83  2870  6060  -118  2869  6055  -150  2869  6050  -180  2870
  6046  -208  2872  6043  -233  2874  6041  -257  2877  6039  -280  2881  6037
  -301  2885  6036  -320  2889  6035  -338  2894
TH 0.40 0.05 29    232.00      6.10     11.90      0.12      (Grevesse)
 22900 23599     0 22178 22684     0 21099 21700     0 20178 20773      0 19294
 19953     0 18498 19205     0 17775 18538     0 17101 18021     0  16472 17562
     0 15889 17107     0 15356 16651     0 14855 16210     0 14389  15783     0
 13951 15354     0 13548 14944     0 13181 14559     0 12850 14199      0 12554
 13864     0 12361 13554     0 12200 13270     0 12054 13009     0  11922 12773
     0 11804 12561     0 11701 12374     0 11612 12210     0 11537  12071     0
 11477 11956     0 11431 11866     0 11400 11799     0
 U 0.40 0.05 33    238.03      6.19     12.00     -0.47 (recomputed  Roger)
 39120 67793 51822 39120 65366 50538 39120 63131 49400 39120 61074  48378 39120
 59179 47450 39120 57432 46599 39120 55820 45811 39120 54331 45079  39120 52954
 44393 39120 51678 43749 39120 50496 43143 39120 49399 42570 39120  48381 42028
 39120 47434 41516 39120 46554 41029 39120 45734 40568 39120 44971  40130 39120
 44259 39714 39120 43594 39319 39120 42973 38943 39120 42392 38586  39120 41848
 38246 39120 41338 37922 39120 40860 37614 39120 40410 37320 39120  39986 37040
 39120 39587 36773 39120 39210 36519 39120 38854 36275 39120 38517  36043 39120
 38198 35821 39120 37895 35608 39120 37607 35404
ZZ 0.40 0.05 33    232.00      6.10     11.90      0.02                        1                   
